0	1	0
0.01	1	0.01
0.02	0.999013	0.0199951
0.03	0.99704	0.0299753
0.04	0.994081	0.0399309
0.05	0.99014	0.049852
0.06	0.98522	0.0597288
0.07	0.979325	0.0695516
0.08	0.97246	0.0793105
0.09	0.964633	0.088996
0.1	0.955849	0.0985984
0.11	0.946118	0.108108
0.12	0.935448	0.117516
0.13	0.92385	0.126813
0.14	0.911334	0.135988
0.15	0.897912	0.145035
0.16	0.883598	0.153942
0.17	0.868405	0.162702
0.18	0.852346	0.171306
0.19	0.835439	0.179745
0.2	0.817699	0.188011
0.21	0.799143	0.196095
0.22	0.779789	0.203989
0.23	0.759657	0.211687
0.24	0.738764	0.219179
0.25	0.717132	0.226458
0.26	0.694781	0.233518
0.27	0.671734	0.24035
0.28	0.648012	0.246949
0.29	0.623639	0.253307
0.3	0.598639	0.259419
0.31	0.573035	0.265277
0.32	0.546854	0.270877
0.33	0.520119	0.276212
0.34	0.492858	0.281276
0.35	0.465097	0.286066
0.36	0.436864	0.290576
0.37	0.408185	0.294801
0.38	0.379089	0.298738
0.39	0.349605	0.302381
0.4	0.319761	0.305728
0.41	0.289587	0.308775
0.42	0.259112	0.311518
0.43	0.228367	0.313956
0.44	0.19738	0.316084
0.45	0.166184	0.317902
0.46	0.134809	0.319407
0.47	0.103284	0.320598
0.48	0.0716426	0.321472
0.49	0.0399146	0.32203
0.5	0.00813149	0.32227
0.51	-0.0236753	0.322192
0.52	-0.0554744	0.321797
0.53	-0.0872345	0.321083
0.54	-0.118924	0.320052
0.55	-0.150512	0.318705
0.56	-0.181967	0.317043
0.57	-0.213258	0.315067
0.58	-0.244354	0.312779
0.59	-0.275224	0.310181
0.6	-0.305837	0.307275
0.61	-0.336164	0.304065
0.62	-0.366174	0.300554
0.63	-0.395838	0.296744
0.64	-0.425125	0.292639
0.65	-0.454007	0.288243
0.66	-0.482456	0.283561
0.67	-0.510442	0.278596
0.68	-0.537939	0.273354
0.69	-0.564918	0.26784
0.7	-0.591352	0.262059
0.71	-0.617216	0.256016
0.72	-0.642484	0.249717
0.73	-0.66713	0.243169
0.74	-0.69113	0.236378
0.75	-0.71446	0.22935
0.76	-0.737096	0.222092
0.77	-0.759015	0.214612
0.78	-0.780197	0.206916
0.79	-0.800618	0.199012
0.8	-0.82026	0.190907
0.81	-0.839102	0.18261
0.82	-0.857125	0.174129
0.83	-0.874311	0.165472
0.84	-0.890642	0.156647
0.85	-0.906103	0.147664
0.86	-0.920677	0.13853
0.87	-0.934349	0.129255
0.88	-0.947106	0.119847
0.89	-0.958934	0.110317
0.9	-0.969822	0.100673
0.91	-0.979758	0.0909255
0.92	-0.988732	0.081083
0.93	-0.996735	0.0711557
0.94	-1.00376	0.0611533
0.95	-1.00979	0.0510855
0.96	-1.01484	0.0409624
0.97	-1.01888	0.0307938
0.98	-1.02192	0.0205898
0.99	-1.02395	0.0103605
1	-1.02497	0.000115882
1.01	-1.02498	-0.0101339
1.02	-1.02398	-0.0203787
1.03	-1.02197	-0.0306085
1.04	-1.01895	-0.0408131
1.05	-1.01492	-0.0509825
1.06	-1.00989	-0.0611065
1.07	-1.00386	-0.0711753
1.08	-0.996835	-0.0811788
1.09	-0.988823	-0.0911071
1.1	-0.979831	-0.10095
1.11	-0.969868	-0.110699
1.12	-0.958942	-0.120343
1.13	-0.947065	-0.129873
1.14	-0.934247	-0.139279
1.15	-0.920501	-0.148553
1.16	-0.905839	-0.157685
1.17	-0.890276	-0.166666
1.18	-0.873827	-0.175486
1.19	-0.856507	-0.184138
1.2	-0.838334	-0.192612
1.21	-0.819324	-0.2009
1.22	-0.799495	-0.208994
1.23	-0.778869	-0.216886
1.24	-0.757463	-0.224568
1.25	-0.735299	-0.232032
1.26	-0.712398	-0.23927
1.27	-0.688783	-0.246276
1.28	-0.664477	-0.253042
1.29	-0.639502	-0.259562
1.3	-0.613885	-0.265829
1.31	-0.587648	-0.271837
1.32	-0.560819	-0.277579
1.33	-0.533423	-0.28305
1.34	-0.505487	-0.288245
1.35	-0.477039	-0.293157
1.36	-0.448105	-0.297783
1.37	-0.418715	-0.302117
1.38	-0.388897	-0.306155
1.39	-0.358681	-0.309893
1.4	-0.328096	-0.313327
1.41	-0.297172	-0.316453
1.42	-0.265939	-0.319269
1.43	-0.234428	-0.321771
1.44	-0.202671	-0.323956
1.45	-0.170698	-0.325823
1.46	-0.13854	-0.327369
1.47	-0.10623	-0.328593
1.48	-0.0737993	-0.329493
1.49	-0.0412796	-0.330069
1.5	-0.00870313	-0.330319
1.51	0.023898	-0.330243
1.52	0.0564917	-0.329841
1.53	0.0890457	-0.329113
1.54	0.121528	-0.32806
1.55	0.153906	-0.326683
1.56	0.186148	-0.324983
1.57	0.218223	-0.322961
1.58	0.250098	-0.320619
1.59	0.281742	-0.31796
1.6	0.313123	-0.314986
1.61	0.344211	-0.311699
1.62	0.374974	-0.308103
1.63	0.405383	-0.304201
1.64	0.435407	-0.299997
1.65	0.465015	-0.295495
1.66	0.494179	-0.290699
1.67	0.52287	-0.285614
1.68	0.551059	-0.280245
1.69	0.578718	-0.274596
1.7	0.60582	-0.268673
1.71	0.632337	-0.262482
1.72	0.658243	-0.256029
1.73	0.683512	-0.24932
1.74	0.708119	-0.242362
1.75	0.732039	-0.235162
1.76	0.755248	-0.227725
1.77	0.777724	-0.22006
1.78	0.799443	-0.212174
1.79	0.820384	-0.204075
1.8	0.840525	-0.195771
1.81	0.859847	-0.187269
1.82	0.87833	-0.178578
1.83	0.895955	-0.169707
1.84	0.912704	-0.160663
1.85	0.928561	-0.151457
1.86	0.943509	-0.142097
1.87	0.957533	-0.132591
1.88	0.97062	-0.122951
1.89	0.982754	-0.113184
1.9	0.993925	-0.1033
1.91	1.00412	-0.0933101
1.92	1.01333	-0.0832229
1.93	1.02154	-0.0730485
1.94	1.02875	-0.062797
1.95	1.03495	-0.0524785
1.96	1.04013	-0.0421031
1.97	1.04429	-0.031681
1.98	1.04741	-0.0212225
1.99	1.04951	-0.0107379
2	1.05057	-0.000237552
2.01	1.05059	0.0102682
2.02	1.04958	0.0207691
2.03	1.04753	0.0312546
2.04	1.04444	0.0417144
2.05	1.04033	0.0521383
2.06	1.03518	0.0625158
2.07	1.02901	0.0728368
2.08	1.02182	0.0830909
2.09	1.01362	0.0932681
2.1	1.00441	0.103358
2.11	0.994214	0.113351
2.12	0.983026	0.123238
2.13	0.970863	0.133007
2.14	0.957736	0.14265
2.15	0.943657	0.152157
2.16	0.92864	0.161519
2.17	0.912699	0.170725
2.18	0.895849	0.179768
2.19	0.878106	0.188638
2.2	0.859489	0.197326
2.21	0.840013	0.205823
2.22	0.819699	0.214122
2.23	0.798566	0.222213
2.24	0.776635	0.230089
2.25	0.753926	0.237742
2.26	0.730462	0.245164
2.27	0.706265	0.252347
2.28	0.681359	0.259286
2.29	0.655769	0.265971
2.3	0.629519	0.272398
2.31	0.602634	0.278558
2.32	0.575141	0.284447
2.33	0.547068	0.290058
2.34	0.51844	0.295386
2.35	0.489287	0.300425
2.36	0.459636	0.305169
2.37	0.429517	0.309615
2.38	0.398959	0.313757
2.39	0.367992	0.317592
2.4	0.336647	0.321115
2.41	0.304955	0.324323
2.42	0.272945	0.327213
2.43	0.240651	0.329781
2.44	0.208102	0.332025
2.45	0.175333	0.333942
2.46	0.142374	0.33553
2.47	0.109259	0.336788
2.48	0.0760191	0.337715
2.49	0.0426879	0.338308
2.5	0.00929825	0.338568
2.51	-0.0241171	0.338494
2.52	-0.0575251	0.338086
2.53	-0.0908929	0.337344
2.54	-0.124187	0.336268
2.55	-0.157376	0.334861
2.56	-0.190425	0.333122
2.57	-0.223303	0.331053
2.58	-0.255977	0.328657
2.59	-0.288414	0.325935
2.6	-0.320582	0.32289
2.61	-0.35245	0.319524
2.62	-0.383986	0.315842
2.63	-0.415158	0.311847
2.64	-0.445936	0.307541
2.65	-0.476289	0.30293
2.66	-0.506187	0.298018
2.67	-0.535601	0.292809
2.68	-0.5645	0.287308
2.69	-0.592856	0.281521
2.7	-0.620641	0.275454
2.71	-0.647827	0.269112
2.72	-0.674387	0.2625
2.73	-0.700295	0.255627
2.74	-0.725524	0.248498
2.75	-0.75005	0.24112
2.76	-0.773848	0.233501
2.77	-0.796893	0.225647
2.78	-0.819164	0.217567
2.79	-0.840637	0.209268
2.8	-0.861291	0.200758
2.81	-0.881105	0.192046
2.82	-0.900059	0.18314
2.83	-0.918134	0.174049
2.84	-0.935312	0.164782
2.85	-0.951575	0.155348
2.86	-0.966908	0.145755
2.87	-0.981293	0.136014
2.88	-0.994717	0.126134
2.89	-1.00717	0.116125
2.9	-1.01863	0.105996
2.91	-1.02909	0.0957571
2.92	-1.03854	0.085419
2.93	-1.04697	0.0749915
2.94	-1.05437	0.0644847
2.95	-1.06074	0.0539092
2.96	-1.06606	0.0432753
2.97	-1.07033	0.0325933
2.98	-1.07354	0.021874
2.99	-1.0757	0.0111277
3	-1.0768	0.000365227
3.01	-1.07684	-0.010403
3.02	-1.07581	-0.0211662
3.03	-1.07372	-0.0319139
3.04	-1.07057	-0.0426353
3.05	-1.06636	-0.05332
3.06	-1.0611	-0.0639573
3.07	-1.05479	-0.0745368
3.08	-1.04743	-0.0850479
3.09	-1.03904	-0.0954803
3.1	-1.02962	-0.105824
3.11	-1.01917	-0.116067
3.12	-1.00772	-0.126202
3.13	-0.99526	-0.136217
3.14	-0.981816	-0.146102
3.15	-0.967396	-0.155848
3.16	-0.952014	-0.165445
3.17	-0.935686	-0.174884
3.18	-0.918425	-0.184154
3.19	-0.90025	-0.193248
3.2	-0.881177	-0.202155
3.21	-0.861225	-0.210867
3.22	-0.840414	-0.219375
3.23	-0.818762	-0.227671
3.24	-0.796292	-0.235746
3.25	-0.773025	-0.243593
3.26	-0.748983	-0.251203
3.27	-0.72419	-0.258569
3.28	-0.698671	-0.265683
3.29	-0.672449	-0.272539
3.3	-0.64555	-0.279129
3.31	-0.618001	-0.285446
3.32	-0.589829	-0.291485
3.33	-0.561061	-0.29724
3.34	-0.531724	-0.302704
3.35	-0.501848	-0.307872
3.36	-0.471463	-0.312738
3.37	-0.440597	-0.317299
3.38	-0.409281	-0.321548
3.39	-0.377545	-0.325482
3.4	-0.345421	-0.329097
3.41	-0.312941	-0.332389
3.42	-0.280135	-0.335354
3.43	-0.247037	-0.33799
3.44	-0.213679	-0.340294
3.45	-0.180093	-0.342262
3.46	-0.146313	-0.343894
3.47	-0.112372	-0.345188
3.48	-0.0783036	-0.346141
3.49	-0.0441409	-0.346753
3.5	-0.00991766	-0.347024
3.51	0.0243322	-0.346952
3.52	0.058575	-0.346537
3.53	0.0927768	-0.34578
3.54	0.126904	-0.344682
3.55	0.160923	-0.343243
3.56	0.194799	-0.341464
3.57	0.228501	-0.339348
3.58	0.261993	-0.336895
3.59	0.295243	-0.334109
3.6	0.328218	-0.330992
3.61	0.360886	-0.327546
3.62	0.393213	-0.323776
3.63	0.425169	-0.319684
3.64	0.45672	-0.315274
3.65	0.487837	-0.310552
3.66	0.518487	-0.30552
3.67	0.548641	-0.300184
3.68	0.578268	-0.29455
3.69	0.607338	-0.288622
3.7	0.635824	-0.282406
3.71	0.663697	-0.275908
3.72	0.690928	-0.269135
3.73	0.71749	-0.262093
3.74	0.743358	-0.254789
3.75	0.768504	-0.24723
3.76	0.792905	-0.239423
3.77	0.816535	-0.231375
3.78	0.839371	-0.223096
3.79	0.86139	-0.214592
3.8	0.882569	-0.205872
3.81	0.902888	-0.196945
3.82	0.922325	-0.187819
3.83	0.940862	-0.178503
3.84	0.95848	-0.169006
3.85	0.97516	-0.159338
3.86	0.990886	-0.149508
3.87	1.00564	-0.139525
3.88	1.01941	-0.1294
3.89	1.03218	-0.119142
3.9	1.04394	-0.108761
3.91	1.05468	-0.0982682
3.92	1.06438	-0.0876729
3.93	1.07303	-0.0769859
3.94	1.08063	-0.0662176
3.95	1.08716	-0.0553787
3.96	1.09263	-0.0444797
3.97	1.09702	-0.0335315
3.98	1.10033	-0.0225447
3.99	1.10255	-0.0115303
4	1.10369	-0.000499131
4.01	1.10374	0.010538
4.02	1.1027	0.0215702
4.03	1.10057	0.0325866
4.04	1.09735	0.0435762
4.05	1.09305	0.0545282
4.06	1.08767	0.0654319
4.07	1.08121	0.0762763
4.08	1.07369	0.0870508
4.09	1.06509	0.0977447
4.1	1.05545	0.108347
4.11	1.04475	0.118848
4.12	1.03302	0.129237
4.13	1.02027	0.139504
4.14	1.0065	0.149638
4.15	0.991732	0.159629
4.16	0.975977	0.169467
4.17	0.959251	0.179143
4.18	0.941571	0.188648
4.19	0.922952	0.19797
4.2	0.903413	0.207102
4.21	0.882973	0.216034
4.22	0.861651	0.224757
4.23	0.839468	0.233263
4.24	0.816446	0.241542
4.25	0.792607	0.249588
4.26	0.767974	0.25739
4.27	0.74257	0.264943
4.28	0.716422	0.272238
4.29	0.689553	0.279268
4.3	0.66199	0.286026
4.31	0.63376	0.292504
4.32	0.604891	0.298698
4.33	0.575411	0.304599
4.34	0.545348	0.310203
4.35	0.514733	0.315503
4.36	0.483594	0.320495
4.37	0.451962	0.325173
4.38	0.419869	0.329532
4.39	0.387345	0.333568
4.4	0.354423	0.337277
4.41	0.321136	0.340655
4.42	0.287514	0.343698
4.43	0.253593	0.346403
4.44	0.219404	0.348768
4.45	0.184982	0.35079
4.46	0.15036	0.352467
4.47	0.115573	0.353797
4.48	0.0806549	0.354778
4.49	0.0456397	0.355409
4.5	0.0105622	0.35569
4.51	-0.024543	0.35562
4.52	-0.0596413	0.3552
4.53	-0.0946981	0.354428
4.54	-0.129679	0.353306
4.55	-0.164549	0.351835
4.56	-0.199273	0.350016
4.57	-0.233819	0.34785
4.58	-0.26815	0.34534
4.59	-0.302234	0.342489
4.6	-0.336036	0.339297
4.61	-0.369523	0.335769
4.62	-0.402662	0.331908
4.63	-0.43542	0.327718
4.64	-0.467765	0.323202
4.65	-0.499664	0.318365
4.66	-0.531085	0.313211
4.67	-0.561998	0.307746
4.68	-0.592371	0.301974
4.69	-0.622175	0.295901
4.7	-0.651379	0.289533
4.71	-0.679955	0.282877
4.72	-0.707874	0.275938
4.73	-0.735108	0.268723
4.74	-0.761629	0.261239
4.75	-0.787413	0.253494
4.76	-0.812431	0.245495
4.77	-0.836661	0.237249
4.78	-0.860076	0.228765
4.79	-0.882655	0.220052
4.8	-0.904373	0.211117
4.81	-0.925209	0.201969
4.82	-0.945143	0.192617
4.83	-0.964153	0.183071
4.84	-0.982222	0.173339
4.85	-0.999329	0.163431
4.86	-1.01546	0.153357
4.87	-1.0306	0.143127
4.88	-1.04472	0.13275
4.89	-1.05782	0.122237
4.9	-1.06989	0.111599
4.91	-1.0809	0.100845
4.92	-1.09085	0.0899861
4.93	-1.09974	0.0790331
4.94	-1.10754	0.0679968
4.95	-1.11425	0.0568879
4.96	-1.11986	0.0457173
4.97	-1.12437	0.0344961
4.98	-1.12778	0.0232354
4.99	-1.13007	0.0119461
5	-1.13125	0.000639496
5.01	-1.13131	-0.0106733
5.02	-1.13026	-0.0219812
5.03	-1.12809	-0.033273
5.04	-1.12481	-0.0445375
5.05	-1.12041	-0.0557636
5.06	-1.11491	-0.0669402
5.07	-1.1083	-0.0780562
5.08	-1.1006	-0.0891007
5.09	-1.0918	-0.100063
5.1	-1.08193	-0.110931
5.11	-1.07098	-0.121696
5.12	-1.05897	-0.132346
5.13	-1.04591	-0.14287
5.14	-1.03181	-0.153259
5.15	-1.01668	-0.163501
5.16	-1.00054	-0.173587
5.17	-0.98341	-0.183507
5.18	-0.965299	-0.19325
5.19	-0.946226	-0.202808
5.2	-0.92621	-0.21217
5.21	-0.905269	-0.221328
5.22	-0.883425	-0.230271
5.23	-0.860698	-0.238992
5.24	-0.837111	-0.247481
5.25	-0.812685	-0.25573
5.26	-0.787446	-0.26373
5.27	-0.761417	-0.271475
5.28	-0.734623	-0.278955
5.29	-0.707091	-0.286163
5.3	-0.678848	-0.293093
5.31	-0.649921	-0.299737
5.32	-0.620338	-0.306088
5.33	-0.590129	-0.312141
5.34	-0.559322	-0.317888
5.35	-0.527947	-0.323324
5.36	-0.496036	-0.328444
5.37	-0.46362	-0.333242
5.38	-0.430731	-0.337714
5.39	-0.3974	-0.341855
5.4	-0.36366	-0.34566
5.41	-0.329545	-0.349126
5.42	-0.295087	-0.352249
5.43	-0.260322	-0.355026
5.44	-0.225282	-0.357454
5.45	-0.190002	-0.359531
5.46	-0.154518	-0.361253
5.47	-0.118864	-0.36262
5.48	-0.0830748	-0.36363
5.49	-0.0471859	-0.364281
5.5	-0.0112328	-0.364573
5.51	0.0247492	-0.364506
5.52	0.0607245	-0.364078
5.53	0.0966576	-0.363292
5.54	0.132513	-0.362146
5.55	0.168255	-0.360642
5.56	0.203849	-0.358781
5.57	0.23926	-0.356566
5.58	0.274451	-0.353997
5.59	0.309389	-0.351078
5.6	0.344039	-0.347811
5.61	0.378367	-0.344199
5.62	0.412338	-0.340245
5.63	0.445919	-0.335954
5.64	0.479076	-0.331329
5.65	0.511777	-0.326375
5.66	0.543989	-0.321096
5.67	0.57568	-0.315498
5.68	0.606818	-0.309585
5.69	0.637373	-0.303364
5.7	0.667314	-0.296841
5.71	0.696611	-0.290021
5.72	0.725235	-0.282912
5.73	0.753157	-0.27552
5.74	0.78035	-0.267852
5.75	0.806786	-0.259917
5.76	0.832439	-0.251721
5.77	0.857282	-0.243272
5.78	0.881292	-0.234579
5.79	0.904444	-0.22565
5.8	0.926715	-0.216495
5.81	0.948082	-0.207121
5.82	0.968524	-0.197538
5.83	0.988021	-0.187755
5.84	1.00655	-0.177782
5.85	1.0241	-0.167629
5.86	1.04064	-0.157305
5.87	1.05617	-0.146821
5.88	1.07066	-0.136187
5.89	1.0841	-0.125413
5.9	1.09648	-0.11451
5.91	1.10778	-0.103489
5.92	1.11799	-0.0923601
5.93	1.12711	-0.0811346
5.94	1.13512	-0.0698235
5.95	1.14201	-0.0584379
5.96	1.14777	-0.046989
5.97	1.15241	-0.035488
5.98	1.15591	-0.0239464
5.99	1.15828	-0.0123754
6	1.1595	-0.00078656
6.01	1.15958	0.0108088
6.02	1.15851	0.0223993
6.03	1.1563	0.0339733
6.04	1.15295	0.0455195
6.05	1.14845	0.0570265
6.06	1.14283	0.0684829
6.07	1.13607	0.0798774
6.08	1.12818	0.0911987
6.09	1.11918	0.102435
6.1	1.10907	0.113577
6.11	1.09786	0.124611
6.12	1.08556	0.135529
6.13	1.07219	0.146317
6.14	1.05775	0.156967
6.15	1.04225	0.167467
6.16	1.02573	0.177807
6.17	1.00818	0.187976
6.18	0.989625	0.197965
6.19	0.970087	0.207764
6.2	0.949581	0.217362
6.21	0.928129	0.226751
6.22	0.905749	0.23592
6.23	0.882465	0.244861
6.24	0.858298	0.253565
6.25	0.833272	0.262023
6.26	0.807411	0.270226
6.27	0.780741	0.278167
6.28	0.753287	0.285837
