0.01	0	1
0.02	-0.00750056	1.00015
0.03	-0.013336	1.0004
0.04	-0.018757	1.00075
0.05	-0.0240144	1.0012
0.06	-0.0291922	1.00175
0.07	-0.0343269	1.0024
0.08	-0.039437	1.00315
0.09	-0.0445333	1.004
0.1	-0.0496225	1.00495
0.11	-0.0547091	1.006
0.12	-0.0597963	1.00715
0.13	-0.0648868	1.0084
0.14	-0.0699824	1.00975
0.15	-0.0750848	1.0112
0.16	-0.0801955	1.01275
0.17	-0.0853158	1.0144
0.18	-0.0904467	1.01615
0.19	-0.0955895	1.018
0.2	-0.100745	1.01995
0.21	-0.105914	1.022
0.22	-0.111098	1.02415
0.23	-0.116298	1.0264
0.24	-0.121514	1.02875
0.25	-0.126747	1.0312
0.26	-0.131998	1.03375
0.27	-0.137268	1.0364
0.28	-0.142558	1.03915
0.29	-0.147869	1.042
0.3	-0.153201	1.04495
0.31	-0.158555	1.048
0.32	-0.163932	1.05115
0.33	-0.169332	1.0544
0.34	-0.174757	1.05775
0.35	-0.180208	1.0612
0.36	-0.185684	1.06475
0.37	-0.191187	1.0684
0.38	-0.196718	1.07215
0.39	-0.202277	1.076
0.4	-0.207865	1.07995
0.41	-0.213483	1.084
0.42	-0.219131	1.08815
0.43	-0.224811	1.0924
0.44	-0.230523	1.09675
0.45	-0.236268	1.1012
0.46	-0.242047	1.10575
0.47	-0.24786	1.1104
0.48	-0.253708	1.11515
0.49	-0.259592	1.12
0.5	-0.265513	1.12495
0.51	-0.271471	1.13
0.52	-0.277467	1.13515
0.53	-0.283502	1.1404
0.54	-0.289577	1.14575
0.55	-0.295692	1.1512
0.56	-0.301849	1.15675
0.57	-0.308047	1.1624
0.58	-0.314288	1.16815
0.59	-0.320573	1.174
0.6	-0.326902	1.17995
0.61	-0.333275	1.186
0.62	-0.339695	1.19215
0.63	-0.346161	1.1984
0.64	-0.352674	1.20475
0.65	-0.359235	1.2112
0.66	-0.365845	1.21775
0.67	-0.372504	1.2244
0.68	-0.379213	1.23115
0.69	-0.385974	1.238
0.7	-0.392786	1.24495
0.71	-0.399651	1.252
0.72	-0.406569	1.25915
0.73	-0.41354	1.2664
0.74	-0.420567	1.27375
0.75	-0.427649	1.2812
0.76	-0.434787	1.28875
0.77	-0.441982	1.2964
0.78	-0.449235	1.30415
0.79	-0.456547	1.312
0.8	-0.463918	1.31995
0.81	-0.471348	1.328
0.82	-0.47884	1.33615
0.83	-0.486392	1.3444
0.84	-0.494007	1.35275
0.85	-0.501686	1.3612
0.86	-0.509427	1.36975
0.87	-0.517234	1.3784
0.88	-0.525105	1.38715
0.89	-0.533043	1.396
0.9	-0.541047	1.40495
0.91	-0.549119	1.414
0.92	-0.557259	1.42315
0.93	-0.565468	1.4324
0.94	-0.573746	1.44175
0.95	-0.582095	1.4512
0.96	-0.590516	1.46075
0.97	-0.599008	1.4704
0.98	-0.607573	1.48015
0.99	-0.616212	1.49
1	-0.624925	1.49995
1.01	-0.633713	1.51
1.02	-0.642576	1.52015
1.03	-0.651517	1.5304
1.04	-0.660534	1.54075
1.05	-0.669629	1.5512
1.06	-0.678803	1.56175
1.07	-0.688057	1.5724
1.08	-0.697391	1.58315
1.09	-0.706806	1.594
1.1	-0.716302	1.60495
1.11	-0.725881	1.616
1.12	-0.735543	1.62715
1.13	-0.74529	1.6384
1.14	-0.755121	1.64975
1.15	-0.765037	1.6612
1.16	-0.77504	1.67275
1.17	-0.78513	1.6844
1.18	-0.795307	1.69615
1.19	-0.805573	1.708
1.2	-0.815928	1.71995
1.21	-0.826374	1.732
1.22	-0.83691	1.74415
1.23	-0.847537	1.7564
1.24	-0.858257	1.76875
1.25	-0.869069	1.7812
1.26	-0.879976	1.79375
1.27	-0.890977	1.8064
1.28	-0.902073	1.81915
1.29	-0.913265	1.832
1.3	-0.924554	1.84495
1.31	-0.93594	1.858
1.32	-0.947425	1.87115
1.33	-0.959009	1.8844
1.34	-0.970692	1.89775
1.35	-0.982476	1.9112
1.36	-0.994361	1.92475
1.37	-1.00635	1.9384
1.38	-1.01844	1.95215
1.39	-1.03063	1.966
1.4	-1.04293	1.97995
1.41	-1.05533	1.994
1.42	-1.06784	2.00815
1.43	-1.08046	2.0224
1.44	-1.09318	2.03675
1.45	-1.10601	2.0512
1.46	-1.11895	2.06575
1.47	-1.13199	2.0804
1.48	-1.14515	2.09515
1.49	-1.15842	2.11
1.5	-1.1718	2.12495
1.51	-1.1853	2.14
1.52	-1.19891	2.15515
1.53	-1.21263	2.1704
1.54	-1.22646	2.18575
1.55	-1.24041	2.2012
1.56	-1.25448	2.21675
1.57	-1.26867	2.2324
1.58	-1.28297	2.24815
1.59	-1.29739	2.264
1.6	-1.31193	2.27995
1.61	-1.32659	2.296
1.62	-1.34137	2.31215
1.63	-1.35627	2.3284
1.64	-1.3713	2.34475
1.65	-1.38644	2.3612
1.66	-1.40172	2.37775
1.67	-1.41711	2.3944
1.68	-1.43263	2.41115
1.69	-1.44828	2.428
1.7	-1.46405	2.44495
1.71	-1.47995	2.462
1.72	-1.49598	2.47915
1.73	-1.51214	2.4964
1.74	-1.52843	2.51375
1.75	-1.54485	2.5312
1.76	-1.5614	2.54875
1.77	-1.57808	2.5664
1.78	-1.5949	2.58415
1.79	-1.61184	2.602
1.8	-1.62893	2.61995
1.81	-1.64614	2.638
1.82	-1.6635	2.65615
1.83	-1.68099	2.6744
1.84	-1.69861	2.69275
1.85	-1.71638	2.7112
1.86	-1.73428	2.72975
1.87	-1.75233	2.7484
1.88	-1.77051	2.76715
1.89	-1.78883	2.786
1.9	-1.8073	2.80495
1.91	-1.82591	2.824
1.92	-1.84466	2.84315
1.93	-1.86356	2.8624
1.94	-1.8826	2.88175
1.95	-1.90178	2.9012
1.96	-1.92112	2.92075
1.97	-1.9406	2.9404
1.98	-1.96022	2.96015
1.99	-1.98	2.98
2	-1.99993	2.99995
2.01	-2.02	3.02
2.02	-2.04023	3.04015
2.03	-2.0606	3.0604
2.04	-2.08113	3.08075
2.05	-2.10181	3.1012
2.06	-2.12265	3.12175
2.07	-2.14364	3.1424
2.08	-2.16479	3.16315
2.09	-2.18609	3.184
2.1	-2.20755	3.20495
2.11	-2.22916	3.226
2.12	-2.25094	3.24715
2.13	-2.27287	3.2684
2.14	-2.29497	3.28975
2.15	-2.31722	3.3112
2.16	-2.33963	3.33275
2.17	-2.36221	3.3544
2.18	-2.38495	3.37615
2.19	-2.40785	3.398
2.2	-2.43092	3.41995
2.21	-2.45415	3.442
2.22	-2.47755	3.46415
2.23	-2.50112	3.4864
2.24	-2.52485	3.50875
2.25	-2.54875	3.5312
2.26	-2.57282	3.55375
2.27	-2.59706	3.5764
2.28	-2.62147	3.59915
2.29	-2.64604	3.622
2.3	-2.6708	3.64495
2.31	-2.69572	3.668
2.32	-2.72082	3.69115
2.33	-2.74609	3.7144
2.34	-2.77153	3.73775
2.35	-2.79715	3.7612
2.36	-2.82295	3.78475
2.37	-2.84893	3.8084
2.38	-2.87508	3.83215
2.39	-2.90141	3.856
2.4	-2.92792	3.87995
2.41	-2.95461	3.904
2.42	-2.98148	3.92815
2.43	-3.00853	3.9524
2.44	-3.03577	3.97675
2.45	-3.06318	4.0012
2.46	-3.09079	4.02575
2.47	-3.11857	4.0504
2.48	-3.14654	4.07515
2.49	-3.1747	4.1
2.5	-3.20304	4.12495
2.51	-3.23157	4.15
2.52	-3.26029	4.17515
2.53	-3.2892	4.2004
2.54	-3.3183	4.22575
2.55	-3.34759	4.2512
2.56	-3.37707	4.27675
2.57	-3.40674	4.3024
2.58	-3.43661	4.32815
2.59	-3.46666	4.354
2.6	-3.49692	4.37995
2.61	-3.52736	4.406
2.62	-3.55801	4.43215
2.63	-3.58885	4.4584
2.64	-3.61988	4.48475
2.65	-3.65112	4.5112
2.66	-3.68255	4.53775
2.67	-3.71418	4.5644
2.68	-3.74602	4.59115
2.69	-3.77805	4.618
2.7	-3.81029	4.64495
2.71	-3.84273	4.672
2.72	-3.87537	4.69915
2.73	-3.90822	4.7264
2.74	-3.94127	4.75375
2.75	-3.97452	4.7812
2.76	-4.00798	4.80875
2.77	-4.04165	4.8364
2.78	-4.07553	4.86415
2.79	-4.10962	4.892
2.8	-4.14391	4.91995
2.81	-4.17842	4.948
2.82	-4.21313	4.97615
2.83	-4.24806	5.0044
2.84	-4.2832	5.03275
2.85	-4.31855	5.0612
2.86	-4.35412	5.08975
2.87	-4.3899	5.1184
2.88	-4.42589	5.14715
2.89	-4.46211	5.176
2.9	-4.49854	5.20495
2.91	-4.53518	5.234
2.92	-4.57205	5.26315
2.93	-4.60913	5.2924
2.94	-4.64643	5.32175
2.95	-4.68396	5.3512
2.96	-4.7217	5.38075
2.97	-4.75967	5.4104
2.98	-4.79786	5.44015
2.99	-4.83627	5.47
3	-4.87491	5.49995
3.01	-4.91377	5.53
3.02	-4.95286	5.56015
3.03	-4.99217	5.5904
3.04	-5.03172	5.62075
3.05	-5.07149	5.6512
3.06	-5.11148	5.68175
3.07	-5.15171	5.7124
3.08	-5.19217	5.74315
3.09	-5.23286	5.774
3.1	-5.27378	5.80495
3.11	-5.31494	5.836
3.12	-5.35632	5.86715
3.13	-5.39794	5.8984
3.14	-5.4398	5.92975
3.15	-5.48189	5.9612
3.16	-5.52422	5.99275
3.17	-5.56678	6.0244
3.18	-5.60958	6.05615
3.19	-5.65262	6.088
3.2	-5.6959	6.11995
3.21	-5.73942	6.152
3.22	-5.78318	6.18415
3.23	-5.82719	6.2164
3.24	-5.87143	6.24875
3.25	-5.91592	6.2812
3.26	-5.96065	6.31375
3.27	-6.00563	6.3464
3.28	-6.05085	6.37915
3.29	-6.09631	6.412
3.3	-6.14203	6.44495
3.31	-6.18799	6.478
3.32	-6.2342	6.51115
3.33	-6.28066	6.5444
3.34	-6.32736	6.57775
3.35	-6.37432	6.6112
3.36	-6.42153	6.64475
3.37	-6.469	6.6784
3.38	-6.51671	6.71215
3.39	-6.56468	6.746
3.4	-6.6129	6.77995
3.41	-6.66138	6.814
3.42	-6.71011	6.84815
3.43	-6.7591	6.8824
3.44	-6.80835	6.91675
3.45	-6.85785	6.9512
3.46	-6.90762	6.98575
3.47	-6.95764	7.0204
3.48	-7.00792	7.05515
3.49	-7.05847	7.09
3.5	-7.10927	7.12495
3.51	-7.16034	7.16
3.52	-7.21167	7.19515
3.53	-7.26327	7.2304
3.54	-7.31513	7.26575
3.55	-7.36726	7.3012
3.56	-7.41965	7.33675
3.57	-7.47231	7.3724
3.58	-7.52524	7.40815
3.59	-7.57843	7.444
3.6	-7.6319	7.47995
3.61	-7.68563	7.516
3.62	-7.73964	7.55215
3.63	-7.79391	7.5884
3.64	-7.84846	7.62475
3.65	-7.90329	7.6612
3.66	-7.95838	7.69775
3.67	-8.01375	7.7344
3.68	-8.0694	7.77115
3.69	-8.12532	7.808
3.7	-8.18152	7.84495
3.71	-8.238	7.882
3.72	-8.29475	7.91915
3.73	-8.35178	7.9564
3.74	-8.4091	7.99375
3.75	-8.46669	8.0312
3.76	-8.52456	8.06875
3.77	-8.58272	8.1064
3.78	-8.64116	8.14415
3.79	-8.69988	8.182
3.8	-8.75889	8.21995
3.81	-8.81818	8.258
3.82	-8.87776	8.29615
3.83	-8.93763	8.3344
3.84	-8.99778	8.37275
3.85	-9.05822	8.4112
3.86	-9.11895	8.44975
3.87	-9.17997	8.4884
3.88	-9.24127	8.52715
3.89	-9.30287	8.566
3.9	-9.36476	8.60495
3.91	-9.42695	8.644
3.92	-9.48943	8.68315
3.93	-9.5522	8.7224
3.94	-9.61526	8.76175
3.95	-9.67862	8.8012
3.96	-9.74228	8.84075
3.97	-9.80623	8.8804
3.98	-9.87049	8.92015
3.99	-9.93504	8.96
4	-9.99989	8.99995
4.01	-10.065	9.04
4.02	-10.1305	9.08015
4.03	-10.1962	9.1204
4.04	-10.2623	9.16075
4.05	-10.3287	9.2012
4.06	-10.3953	9.24175
4.07	-10.4623	9.2824
4.08	-10.5295	9.32315
4.09	-10.5971	9.364
4.1	-10.665	9.40495
4.11	-10.7332	9.446
4.12	-10.8017	9.48715
4.13	-10.8705	9.5284
4.14	-10.9396	9.56975
4.15	-11.0091	9.6112
4.16	-11.0788	9.65275
4.17	-11.1488	9.6944
4.18	-11.2192	9.73615
4.19	-11.2899	9.778
4.2	-11.3609	9.81995
4.21	-11.4322	9.862
4.22	-11.5038	9.90415
4.23	-11.5758	9.9464
4.24	-11.648	9.98875
4.25	-11.7206	10.0312
4.26	-11.7935	10.0737
4.27	-11.8667	10.1164
4.28	-11.9402	10.1591
4.29	-12.0141	10.202
4.3	-12.0883	10.2449
4.31	-12.1628	10.288
4.32	-12.2376	10.3311
4.33	-12.3127	10.3744
4.34	-12.3882	10.4177
4.35	-12.464	10.4612
4.36	-12.5401	10.5047
4.37	-12.6166	10.5484
4.38	-12.6933	10.5921
4.39	-12.7704	10.636
4.4	-12.8479	10.6799
4.41	-12.9256	10.724
4.42	-13.0037	10.7681
4.43	-13.0822	10.8124
4.44	-13.1609	10.8567
4.45	-13.24	10.9012
4.46	-13.3194	10.9457
4.47	-13.3992	10.9904
4.48	-13.4793	11.0351
4.49	-13.5597	11.08
4.5	-13.6405	11.1249
4.51	-13.7216	11.17
4.52	-13.8031	11.2151
4.53	-13.8848	11.2604
4.54	-13.967	11.3057
4.55	-14.0494	11.3512
4.56	-14.1322	11.3967
4.57	-14.2154	11.4424
4.58	-14.2989	11.4881
4.59	-14.3827	11.534
4.6	-14.4669	11.5799
4.61	-14.5514	11.626
4.62	-14.6363	11.6721
4.63	-14.7215	11.7184
4.64	-14.807	11.7647
4.65	-14.893	11.8112
4.66	-14.9792	11.8577
4.67	-15.0658	11.9044
4.68	-15.1528	11.9511
4.69	-15.2401	11.998
4.7	-15.3277	12.0449
4.71	-15.4158	12.092
4.72	-15.5041	12.1391
4.73	-15.5928	12.1864
4.74	-15.6819	12.2337
4.75	-15.7714	12.2812
4.76	-15.8611	12.3287
4.77	-15.9513	12.3764
4.78	-16.0418	12.4241
4.79	-16.1326	12.472
4.8	-16.2239	12.5199
4.81	-16.3154	12.568
4.82	-16.4074	12.6161
4.83	-16.4997	12.6644
4.84	-16.5924	12.7127
4.85	-16.6854	12.7612
4.86	-16.7788	12.8097
4.87	-16.8725	12.8584
4.88	-16.9667	12.9071
4.89	-17.0611	12.956
4.9	-17.156	13.0049
4.91	-17.2512	13.054
4.92	-17.3468	13.1031
4.93	-17.4428	13.1524
4.94	-17.5391	13.2017
4.95	-17.6358	13.2512
4.96	-17.7329	13.3007
4.97	-17.8303	13.3504
4.98	-17.9281	13.4001
4.99	-18.0263	13.45
5	-18.1249	13.4999
5.01	-18.2238	13.55
5.02	-18.3231	13.6001
5.03	-18.4228	13.6504
5.04	-18.5229	13.7007
5.05	-18.6233	13.7512
5.06	-18.7241	13.8017
5.07	-18.8253	13.8524
5.08	-18.9269	13.9031
5.09	-19.0289	13.954
5.1	-19.1312	14.0049
5.11	-19.234	14.056
5.12	-19.3371	14.1071
5.13	-19.4406	14.1584
5.14	-19.5445	14.2097
5.15	-19.6487	14.2612
5.16	-19.7534	14.3127
5.17	-19.8584	14.3644
5.18	-19.9638	14.4161
5.19	-20.0697	14.468
5.2	-20.1759	14.5199
5.21	-20.2825	14.572
5.22	-20.3894	14.6241
5.23	-20.4968	14.6764
5.24	-20.6046	14.7287
5.25	-20.7127	14.7812
5.26	-20.8213	14.8337
5.27	-20.9303	14.8864
5.28	-21.0396	14.9391
5.29	-21.1493	14.992
5.3	-21.2595	15.0449
5.31	-21.37	15.098
5.32	-21.481	15.1511
5.33	-21.5923	15.2044
5.34	-21.704	15.2577
5.35	-21.8162	15.3112
5.36	-21.9287	15.3647
5.37	-22.0416	15.4184
5.38	-22.155	15.4721
5.39	-22.2687	15.526
5.4	-22.3829	15.5799
5.41	-22.4974	15.634
5.42	-22.6124	15.6881
5.43	-22.7277	15.7424
5.44	-22.8435	15.7967
5.45	-22.9597	15.8512
5.46	-23.0763	15.9057
5.47	-23.1933	15.9604
5.48	-23.3107	16.0151
5.49	-23.4285	16.07
5.5	-23.5467	16.1249
5.51	-23.6654	16.18
5.52	-23.7844	16.2351
5.53	-23.9039	16.2904
5.54	-24.0238	16.3457
5.55	-24.1441	16.4012
5.56	-24.2648	16.4567
5.57	-24.3859	16.5124
5.58	-24.5075	16.5681
5.59	-24.6295	16.624
5.6	-24.7519	16.6799
5.61	-24.8747	16.736
5.62	-24.9979	16.7921
5.63	-25.1215	16.8484
5.64	-25.2456	16.9047
5.65	-25.3701	16.9612
5.66	-25.495	17.0177
5.67	-25.6204	17.0744
5.68	-25.7462	17.1311
5.69	-25.8724	17.188
5.7	-25.999	17.2449
5.71	-26.126	17.302
5.72	-26.2535	17.3591
5.73	-26.3814	17.4164
5.74	-26.5098	17.4737
5.75	-26.6385	17.5312
5.76	-26.7677	17.5887
5.77	-26.8974	17.6464
5.78	-27.0274	17.7041
5.79	-27.1579	17.762
5.8	-27.2888	17.8199
5.81	-27.4202	17.878
5.82	-27.552	17.9361
5.83	-27.6843	17.9944
5.84	-27.8169	18.0527
5.85	-27.95	18.1112
5.86	-28.0836	18.1697
5.87	-28.2176	18.2284
5.88	-28.352	18.2871
5.89	-28.4869	18.346
5.9	-28.6222	18.4049
5.91	-28.758	18.464
5.92	-28.8942	18.5231
5.93	-29.0308	18.5824
5.94	-29.1679	18.6417
5.95	-29.3055	18.7012
5.96	-29.4434	18.7607
5.97	-29.5819	18.8204
5.98	-29.7207	18.8801
5.99	-29.8601	18.94
6	-29.9998	18.9999
6.01	-30.1401	19.06
6.02	-30.2807	19.1201
6.03	-30.4219	19.1804
6.04	-30.5634	19.2407
6.05	-30.7055	19.3012
6.06	-30.848	19.3617
6.07	-30.9909	19.4224
6.08	-31.1343	19.4831
6.09	-31.2782	19.544
6.1	-31.4225	19.6049
6.11	-31.5672	19.666
6.12	-31.7125	19.7271
6.13	-31.8581	19.7884
6.14	-32.0043	19.8497
6.15	-32.1509	19.9112
6.16	-32.2979	19.9727
6.17	-32.4455	20.0344
6.18	-32.5935	20.0961
6.19	-32.7419	20.158
6.2	-32.8908	20.2199
6.21	-33.0402	20.282
6.22	-33.1901	20.3441
6.23	-33.3404	20.4064
6.24	-33.4912	20.4687
6.25	-33.6424	20.5312
6.26	-33.7941	20.5937
6.27	-33.9463	20.6564
6.28	-34.099	20.7191
6.29	-34.2521	20.782
6.3	-34.4057	20.8449
6.31	-34.5598	20.908
6.32	-34.7143	20.9711
6.33	-34.8694	21.0344
6.34	-35.0248	21.0977
6.35	-35.1808	21.1612
6.36	-35.3373	21.2247
6.37	-35.4942	21.2884
6.38	-35.6516	21.3521
6.39	-35.8095	21.416
6.4	-35.9678	21.4799
6.41	-36.1267	21.544
6.42	-36.286	21.6081
6.43	-36.4458	21.6724
6.44	-36.6061	21.7367
6.45	-36.7668	21.8012
6.46	-36.9281	21.8657
6.47	-37.0898	21.9304
6.48	-37.2521	21.9951
6.49	-37.4148	22.06
6.5	-37.578	22.1249
6.51	-37.7416	22.19
6.52	-37.9058	22.2551
6.53	-38.0705	22.3204
6.54	-38.2356	22.3857
6.55	-38.4013	22.4512
6.56	-38.5674	22.5167
6.57	-38.734	22.5824
6.58	-38.9011	22.6481
6.59	-39.0687	22.714
6.6	-39.2368	22.7799
6.61	-39.4054	22.846
6.62	-39.5745	22.9121
6.63	-39.7441	22.9784
6.64	-39.9142	23.0447
6.65	-40.0848	23.1112
6.66	-40.2559	23.1777
6.67	-40.4274	23.2444
6.68	-40.5995	23.3111
6.69	-40.7721	23.378
6.7	-40.9452	23.4449
6.71	-41.1188	23.512
6.72	-41.2929	23.5791
6.73	-41.4675	23.6464
6.74	-41.6426	23.7137
6.75	-41.8182	23.7812
6.76	-41.9943	23.8487
6.77	-42.1709	23.9164
6.78	-42.348	23.9841
6.79	-42.5257	24.052
6.8	-42.7038	24.1199
6.81	-42.8825	24.188
6.82	-43.0616	24.2561
6.83	-43.2413	24.3244
6.84	-43.4215	24.3927
6.85	-43.6022	24.4612
6.86	-43.7834	24.5297
6.87	-43.9652	24.5984
6.88	-44.1474	24.6671
6.89	-44.3302	24.736
6.9	-44.5134	24.8049
6.91	-44.6972	24.874
6.92	-44.8816	24.9431
6.93	-45.0664	25.0124
6.94	-45.2517	25.0817
6.95	-45.4376	25.1512
6.96	-45.624	25.2207
6.97	-45.8109	25.2904
6.98	-45.9984	25.3601
6.99	-46.1863	25.43
7	-46.3748	25.4999
7.01	-46.5638	25.57
7.02	-46.7534	25.6401
7.03	-46.9434	25.7104
7.04	-47.134	25.7807
7.05	-47.3251	25.8512
7.06	-47.5168	25.9217
7.07	-47.709	25.9924
7.08	-47.9017	26.0631
7.09	-48.0949	26.134
7.1	-48.2887	26.2049
7.11	-48.483	26.276
7.12	-48.6778	26.3471
7.13	-48.8732	26.4184
7.14	-49.0691	26.4897
7.15	-49.2655	26.5612
7.16	-49.4625	26.6327
7.17	-49.66	26.7044
7.18	-49.8581	26.7761
7.19	-50.0567	26.848
7.2	-50.2558	26.9199
7.21	-50.4555	26.992
7.22	-50.6557	27.0641
7.23	-50.8564	27.1364
7.24	-51.0577	27.2087
7.25	-51.2596	27.2812
7.26	-51.462	27.3537
7.27	-51.6649	27.4264
7.28	-51.8684	27.4991
7.29	-52.0724	27.572
7.3	-52.2769	27.6449
7.31	-52.482	27.718
7.32	-52.6877	27.7911
7.33	-52.8939	27.8644
7.34	-53.1007	27.9377
7.35	-53.308	28.0112
7.36	-53.5158	28.0847
7.37	-53.7243	28.1584
7.38	-53.9332	28.2321
7.39	-54.1427	28.306
7.4	-54.3528	28.3799
7.41	-54.5634	28.454
7.42	-54.7746	28.5281
7.43	-54.9864	28.6024
7.44	-55.1987	28.6767
7.45	-55.4115	28.7512
7.46	-55.6249	28.8257
7.47	-55.8389	28.9004
7.48	-56.0534	28.9751
7.49	-56.2685	29.05
7.5	-56.4842	29.1249
7.51	-56.7004	29.2
7.52	-56.9172	29.2751
7.53	-57.1345	29.3504
7.54	-57.3524	29.4257
7.55	-57.5709	29.5012
7.56	-57.79	29.5767
7.57	-58.0096	29.6524
7.58	-58.2297	29.7281
7.59	-58.4505	29.804
7.6	-58.6718	29.8799
7.61	-58.8937	29.956
7.62	-59.1161	30.0321
7.63	-59.3392	30.1084
7.64	-59.5628	30.1847
7.65	-59.7869	30.2612
7.66	-60.0117	30.3377
7.67	-60.237	30.4144
7.68	-60.4629	30.4911
7.69	-60.6894	30.568
7.7	-60.9164	30.6449
7.71	-61.1441	30.722
7.72	-61.3723	30.7991
7.73	-61.601	30.8764
7.74	-61.8304	30.9537
7.75	-62.0603	31.0312
7.76	-62.2909	31.1087
7.77	-62.522	31.1864
7.78	-62.7537	31.2641
7.79	-62.9859	31.342
7.8	-63.2188	31.4199
7.81	-63.4522	31.498
7.82	-63.6863	31.5761
7.83	-63.9209	31.6544
7.84	-64.1561	31.7327
7.85	-64.3919	31.8112
7.86	-64.6283	31.8897
7.87	-64.8652	31.9684
7.88	-65.1028	32.0471
7.89	-65.3409	32.126
7.9	-65.5797	32.2049
7.91	-65.819	32.284
7.92	-66.0589	32.3631
7.93	-66.2995	32.4424
7.94	-66.5406	32.5217
7.95	-66.7823	32.6012
7.96	-67.0246	32.6807
7.97	-67.2675	32.7604
7.98	-67.511	32.8401
7.99	-67.7551	32.92
8	-67.9998	32.9999
8.01	-68.2451	33.08
8.02	-68.491	33.1601
8.03	-68.7375	33.2404
8.04	-68.9846	33.3207
8.05	-69.2323	33.4012
8.06	-69.4806	33.4817
8.07	-69.7295	33.5624
8.08	-69.9791	33.6431
8.09	-70.2292	33.724
8.1	-70.4799	33.8049
8.11	-70.7313	33.886
8.12	-70.9832	33.9671
8.13	-71.2358	34.0484
8.14	-71.4889	34.1297
8.15	-71.7427	34.2112
8.16	-71.9971	34.2927
8.17	-72.2521	34.3744
8.18	-72.5077	34.4561
8.19	-72.7639	34.538
8.2	-73.0208	34.6199
8.21	-73.2782	34.702
8.22	-73.5363	34.7841
8.23	-73.795	34.8664
8.24	-74.0543	34.9487
8.25	-74.3142	35.0312
8.26	-74.5748	35.1137
8.27	-74.8359	35.1964
8.28	-75.0977	35.2791
8.29	-75.3601	35.362
8.3	-75.6232	35.4449
8.31	-75.8868	35.528
8.32	-76.1511	35.6111
8.33	-76.416	35.6944
8.34	-76.6815	35.7777
8.35	-76.9476	35.8612
8.36	-77.2144	35.9447
8.37	-77.4818	36.0284
8.38	-77.7498	36.1121
8.39	-78.0185	36.196
8.4	-78.2878	36.2799
8.41	-78.5577	36.364
8.42	-78.8282	36.4481
8.43	-79.0994	36.5324
8.44	-79.3712	36.6167
8.45	-79.6437	36.7012
8.46	-79.9167	36.7857
8.47	-80.1905	36.8704
8.48	-80.4648	36.9551
8.49	-80.7398	37.04
8.5	-81.0154	37.1249
8.51	-81.2917	37.21
8.52	-81.5686	37.2951
8.53	-81.8461	37.3804
8.54	-82.1243	37.4657
8.55	-82.4031	37.5512
8.56	-82.6825	37.6367
8.57	-82.9626	37.7224
8.58	-83.2434	37.8081
8.59	-83.5248	37.894
8.6	-83.8068	37.9799
8.61	-84.0895	38.066
8.62	-84.3728	38.1521
8.63	-84.6567	38.2384
8.64	-84.9413	38.3247
8.65	-85.2266	38.4112
8.66	-85.5125	38.4977
8.67	-85.7991	38.5844
8.68	-86.0863	38.6711
8.69	-86.3741	38.758
8.7	-86.6627	38.8449
8.71	-86.9518	38.932
8.72	-87.2416	39.0191
8.73	-87.5321	39.1064
8.74	-87.8232	39.1937
8.75	-88.115	39.2812
8.76	-88.4074	39.3687
8.77	-88.7005	39.4564
8.78	-88.9943	39.5441
8.79	-89.2887	39.632
8.8	-89.5838	39.7199
8.81	-89.8795	39.808
8.82	-90.1759	39.8961
8.83	-90.4729	39.9844
8.84	-90.7707	40.0727
8.85	-91.069	40.1612
8.86	-91.3681	40.2497
8.87	-91.6678	40.3384
8.88	-91.9682	40.4271
8.89	-92.2692	40.516
8.9	-92.5709	40.6049
8.91	-92.8733	40.694
8.92	-93.1763	40.7831
8.93	-93.48	40.8724
8.94	-93.7844	40.9617
8.95	-94.0894	41.0512
8.96	-94.3952	41.1407
8.97	-94.7016	41.2304
8.98	-95.0086	41.3201
8.99	-95.3164	41.41
9	-95.6248	41.4999
9.01	-95.9339	41.59
9.02	-96.2436	41.6801
9.03	-96.5541	41.7704
9.04	-96.8652	41.8607
9.05	-97.177	41.9512
9.06	-97.4894	42.0417
9.07	-97.8026	42.1324
9.08	-98.1164	42.2231
9.09	-98.4309	42.314
9.1	-98.7461	42.4049
9.11	-99.062	42.496
9.12	-99.3786	42.5871
9.13	-99.6958	42.6784
9.14	-100.014	42.7697
9.15	-100.332	42.8612
9.16	-100.652	42.9527
9.17	-100.972	43.0444
9.18	-101.292	43.1361
9.19	-101.614	43.228
9.2	-101.936	43.3199
9.21	-102.259	43.412
9.22	-102.582	43.5041
9.23	-102.906	43.5964
9.24	-103.231	43.6887
9.25	-103.556	43.7812
9.26	-103.883	43.8737
9.27	-104.21	43.9664
9.28	-104.537	44.0591
9.29	-104.865	44.152
9.3	-105.194	44.2449
9.31	-105.524	44.338
9.32	-105.854	44.4311
9.33	-106.186	44.5244
9.34	-106.517	44.6177
9.35	-106.85	44.7112
9.36	-107.183	44.8047
9.37	-107.517	44.8984
9.38	-107.851	44.9921
9.39	-108.187	45.086
9.4	-108.523	45.1799
9.41	-108.859	45.274
9.42	-109.197	45.3681
9.43	-109.535	45.4624
9.44	-109.874	45.5567
9.45	-110.213	45.6512
9.46	-110.554	45.7457
9.47	-110.895	45.8404
9.48	-111.236	45.9351
9.49	-111.579	46.03
9.5	-111.922	46.1249
9.51	-112.265	46.22
9.52	-112.61	46.3151
9.53	-112.955	46.4104
9.54	-113.301	46.5057
9.55	-113.648	46.6012
9.56	-113.995	46.6967
9.57	-114.343	46.7924
9.58	-114.692	46.8881
9.59	-115.042	46.984
9.6	-115.392	47.0799
9.61	-115.743	47.176
9.62	-116.094	47.2721
9.63	-116.447	47.3684
9.64	-116.8	47.4647
9.65	-117.154	47.5612
9.66	-117.508	47.6577
9.67	-117.864	47.7544
9.68	-118.22	47.8511
9.69	-118.576	47.948
9.7	-118.934	48.0449
9.71	-119.292	48.142
9.72	-119.651	48.2391
9.73	-120.011	48.3364
9.74	-120.371	48.4337
9.75	-120.732	48.5312
9.76	-121.094	48.6287
9.77	-121.457	48.7264
9.78	-121.82	48.8241
9.79	-122.184	48.922
9.8	-122.549	49.0199
9.81	-122.914	49.118
9.82	-123.281	49.2161
9.83	-123.648	49.3144
9.84	-124.015	49.4127
9.85	-124.384	49.5112
9.86	-124.753	49.6097
9.87	-125.123	49.7084
9.88	-125.494	49.8071
9.89	-125.865	49.906
9.9	-126.237	50.0049
9.91	-126.61	50.104
9.92	-126.984	50.2031
9.93	-127.358	50.3024
9.94	-127.733	50.4017
9.95	-128.109	50.5012
9.96	-128.486	50.6007
9.97	-128.863	50.7004
9.98	-129.241	50.8001
9.99	-129.62	50.9
10	-130	50.9999
