10 0
9.99991 0.0281746
9.99964 0.0563486
9.9992 0.0845217
9.99857 0.112693
9.99777 0.140863
9.99679 0.16903
9.99563 0.197194
9.9943 0.225354
9.99278 0.253511
9.99109 0.281663
9.98922 0.30981
9.98717 0.337951
9.98494 0.366087
9.98253 0.394215
9.97995 0.422337
9.97719 0.450451
9.97424 0.478558
9.97112 0.506655
9.96782 0.534744
9.96435 0.562823
9.96069 0.590892
9.95686 0.61895
9.95284 0.646997
9.94865 0.675033
9.94428 0.703056
9.93973 0.731067
9.935 0.759064
9.93009 0.787048
9.92501 0.815018
9.91974 0.842973
9.9143 0.870913
9.90867 0.898837
9.90287 0.926745
9.89689 0.954636
9.89073 0.98251
9.88438 1.01037
9.87786 1.0382
9.87116 1.06602
9.86428 1.09382
9.85722 1.1216
9.84998 1.14936
9.84256 1.1771
9.83496 1.20481
9.82718 1.23251
9.81922 1.26018
9.81108 1.28783
9.80276 1.31545
9.79426 1.34305
9.78557 1.37063
9.77671 1.39818
9.76767 1.4257
9.75844 1.4532
9.74903 1.48067
9.73945 1.50812
9.72968 1.53553
9.71973 1.56292
9.7096 1.59028
9.69928 1.61761
9.68879 1.6449
9.67811 1.67217
9.66725 1.69941
9.65621 1.72661
9.64499 1.75378
9.63358 1.78092
9.62199 1.80802
9.61022 1.83509
9.59827 1.86213
9.58613 1.88913
9.57381 1.91609
9.56131 1.94301
9.54862 1.9699
9.53575 1.99675
9.5227 2.02357
9.50946 2.05034
9.49604 2.07708
9.48243 2.10377
9.46864 2.13042
9.45466 2.15703
9.4405 2.1836
9.42616 2.21013
9.41163 2.23661
9.39691 2.26305
9.38201 2.28944
9.36693 2.31579
9.35165 2.3421
9.3362 2.36835
9.32055 2.39456
9.30472 2.42072
9.2887 2.44684
9.2725 2.4729
9.25611 2.49891
9.23953 2.52488
9.22277 2.55079
9.20581 2.57665
9.18867 2.60246
9.17134 2.62821
9.15383 2.65391
9.13612 2.67956
9.11823 2.70515
9.10014 2.73068
9.08187 2.75616
9.06341 2.78158
9.04476 2.80694
9.02592 2.83225
9.00689 2.85749
8.98767 2.88267
8.96826 2.90779
8.94866 2.93285
8.92886 2.95785
8.90888 2.98279
8.8887 3.00766
8.86834 3.03246
8.84778 3.0572
8.82703 3.08188
8.80608 3.10648
8.78495 3.13102
8.76362 3.15549
8.74209 3.17989
8.72038 3.20422
8.69847 3.22848
8.67636 3.25266
8.65406 3.27678
8.63157 3.30082
8.60888 3.32478
8.586 3.34867
8.56292 3.37248
8.53965 3.39622
8.51618 3.41988
8.49251 3.44346
8.46865 3.46696
8.44459 3.49038
8.42033 3.51372
8.39588 3.53697
8.37122 3.56014
8.34637 3.58323
8.32132 3.60623
8.29607 3.62915
8.27063 3.65198
8.24498 3.67472
8.21913 3.69737
8.19309 3.71994
8.16684 3.74241
8.14039 3.76479
8.11374 3.78707
8.08689 3.80926
8.05984 3.83136
8.03259 3.85336
8.00513 3.87527
7.97747 3.89707
7.94961 3.91878
7.92154 3.94039
7.89327 3.96189
7.8648 3.98329
7.83612 4.00459
7.80724 4.02579
7.77815 4.04687
7.74886 4.06786
7.71936 4.08873
7.68965 4.10949
7.65974 4.13015
7.62962 4.15069
7.59929 4.17112
7.56875 4.19143
7.53801 4.21163
7.50706 4.23171
7.4759 4.25168
7.44452 4.27152
7.41294 4.29125
7.38115 4.31085
7.34915 4.33034
7.31694 4.34969
7.28451 4.36892
7.25188 4.38803
7.21903 4.407
7.18597 4.42585
7.1527 4.44456
7.11921 4.46314
7.08551 4.48159
7.05159 4.4999
7.01746 4.51808
6.98312 4.53612
6.94856 4.55401
6.91378 4.57177
6.87879 4.58938
6.84358 4.60685
6.80815 4.62417
6.77251 4.64134
6.73665 4.65837
6.70057 4.67524
6.66427 4.69196
6.62775 4.70853
6.59101 4.72494
6.55405 4.74119
6.51687 4.75728
6.47947 4.77321
6.44185 4.78898
6.404 4.80458
6.36594 4.82002
6.32765 4.83529
6.28914 4.85038
6.2504 4.86531
6.21144 4.88006
6.17225 4.89463
6.13284 4.90902
6.09321 4.92324
6.05335 4.93727
6.01326 4.95112
5.97295 4.96478
5.9324 4.97825
5.89164 4.99153
5.85064 5.00462
5.80941 5.01751
5.76796 5.0302
5.72628 5.0427
5.68436 5.05499
5.64222 5.06708
5.59984 5.07896
5.55724 5.09063
5.5144 5.10209
5.47134 5.11333
5.42804 5.12436
5.3845 5.13517
5.34074 5.14576
5.29674 5.15612
5.25251 5.16625
5.20804 5.17616
5.16334 5.18583
5.1184 5.19526
5.07323 5.20446
5.02782 5.21341
4.98218 5.22212
4.9363 5.23058
4.89019 5.2388
4.84384 5.24676
4.79725 5.25446
4.75042 5.2619
4.70336 5.26908
4.65606 5.27599
4.60852 5.28263
4.56074 5.289
4.51272 5.29509
4.46447 5.30091
4.41598 5.30643
4.36724 5.31167
4.31827 5.31662
4.26906 5.32128
4.21961 5.32564
4.16991 5.32969
4.11998 5.33344
4.06981 5.33687
4.0194 5.34
3.96875 5.3428
3.91786 5.34528
3.86673 5.34744
3.81536 5.34926
3.76375 5.35074
3.7119 5.35189
3.65981 5.35269
3.60748 5.35314
3.55491 5.35323
3.50211 5.35297
3.44906 5.35234
3.39578 5.35135
3.34226 5.34997
3.28851 5.34822
3.23451 5.34608
3.18028 5.34356
3.12582 5.34063
3.07111 5.33731
3.01618 5.33357
2.96101 5.32943
2.90561 5.32486
2.84997 5.31987
2.79411 5.31445
2.73801 5.3086
2.68169 5.30229
2.62514 5.29554
2.56836 5.28833
2.51136 5.28066
2.45413 5.27251
2.39668 5.26389
2.33901 5.25478
2.28112 5.24518
2.22302 5.23509
2.16469 5.22448
2.10616 5.21336
2.04741 5.20172
1.98846 5.18955
1.9293 5.17683
1.86993 5.16357
1.81036 5.14976
1.7506 5.13538
1.69064 5.12043
1.63049 5.10489
1.57015 5.08877
1.50962 5.07204
1.44891 5.05471
1.38803 5.03676
1.32697 5.01817
1.26574 4.99895
1.20435 4.97907
1.1428 4.95854
1.08109 4.93734
1.01924 4.91545
0.957236 4.89288
0.8951 4.86959
0.832832 4.8456
0.770439 4.82088
0.707928 4.79542
0.645306 4.76921
0.582581 4.74223
0.519761 4.71448
0.456854 4.68595
0.39387 4.65661
0.330816 4.62646
0.267704 4.59549
0.204542 4.56368
0.141343 4.53101
0.0781161 4.49747
0.0148742 4.46306
-0.0483706 4.42775
-0.111606 4.39153
-0.174817 4.35439
-0.237991 4.31631
-0.301112 4.27728
-0.364165 4.23729
-0.427134 4.19631
-0.490001 4.15433
-0.552749 4.11135
-0.615359 4.06733
-0.677811 4.02228
-0.740085 3.97617
-0.80216 3.92899
-0.864013 3.88072
-0.925621 3.83135
-0.98696 3.78087
-1.048 3.72926
-1.10873 3.67651
-1.1691 3.62259
-1.2291 3.56751
-1.28868 3.51125
-1.34783 3.45379
-1.40651 3.39512
-1.46468 3.33523
-1.52232 3.27411
-1.57937 3.21176
-1.63582 3.14815
-1.69161 3.08329
-1.7467 3.01717
-1.80106 2.94978
-1.85465 2.88111
-1.90741 2.81117
-1.95931 2.73995
-2.01029 2.66745
-2.06031 2.59368
-2.10932 2.51864
-2.15727 2.44233
-2.20411 2.36476
-2.24979 2.28595
-2.29425 2.2059
-2.33745 2.12463
-2.37932 2.04216
-2.41981 1.95851
-2.45888 1.87371
-2.49647 1.78777
-2.53252 1.70074
-2.56697 1.61263
-2.59979 1.5235
-2.63091 1.43337
-2.6603 1.3423
-2.68788 1.25032
-2.71363 1.15748
-2.7375 1.06384
-2.75944 0.969457
-2.77942 0.874381
-2.7974 0.778674
-2.81334 0.682401
-2.82721 0.585627
-2.83899 0.48842
-2.84865 0.390848
-2.85618 0.292984
-2.86156 0.194899
-2.86478 0.0966666
-2.86583 -0.00163862
-2.86471 -0.0999426
-2.86142 -0.198171
-2.85598 -0.29625
-2.84838 -0.394106
-2.83865 -0.491666
-2.8268 -0.58886
-2.81286 -0.685619
-2.79686 -0.781874
-2.77882 -0.877561
-2.75878 -0.972615
-2.73678 -1.06698
-2.71285 -1.16059
-2.68705 -1.2534
-2.6594 -1.34535
-2.62997 -1.43639
-2.59879 -1.52649
-2.56592 -1.61559
-2.53141 -1.70366
-2.49532 -1.79066
-2.45769 -1.87656
-2.41857 -1.96132
-2.37804 -2.04494
-2.33612 -2.12737
-2.29289 -2.20859
-2.24839 -2.2886
-2.20268 -2.36738
-2.15581 -2.4449
-2.10783 -2.52117
-2.05879 -2.59617
-2.00874 -2.6699
-1.95773 -2.74236
-1.90581 -2.81354
-1.85302 -2.88344
-1.79941 -2.95206
-1.74503 -3.01942
-1.68992 -3.0855
-1.63411 -3.15032
-1.57765 -3.21388
-1.52058 -3.2762
-1.46293 -3.33728
-1.40475 -3.39713
-1.34606 -3.45576
-1.2869 -3.51318
-1.2273 -3.56941
-1.1673 -3.62446
-1.10692 -3.67833
-1.04619 -3.73105
-0.985138 -3.78263
-0.923795 -3.83307
-0.862183 -3.88241
-0.800326 -3.93064
-0.738249 -3.97779
-0.675973 -4.02387
-0.613519 -4.06889
-0.550909 -4.11287
-0.488161 -4.15583
-0.425294 -4.19777
-0.362327 -4.23872
-0.299275 -4.27869
-0.236156 -4.3177
-0.172985 -4.35575
-0.109777 -4.39286
-0.046545 -4.42905
0.0166961 -4.46433
0.0799339 -4.49872
0.143156 -4.53223
0.206351 -4.56487
0.269507 -4.59667
0.332614 -4.62762
0.395662 -4.65774
0.458641 -4.68705
0.521542 -4.71557
0.584355 -4.74329
0.647074 -4.77025
0.709688 -4.79644
0.772192 -4.82188
0.834578 -4.84658
0.896839 -4.87056
0.958968 -4.89382
1.02096 -4.91638
1.08281 -4.93824
1.14451 -4.95943
1.20605 -4.97994
1.26743 -4.9998
1.32865 -5.01901
1.3897 -5.03757
1.45058 -5.05551
1.51128 -5.07283
1.5718 -5.08954
1.63213 -5.10565
1.69227 -5.12117
1.75223 -5.13611
1.81198 -5.15047
1.87154 -5.16427
1.9309 -5.17752
1.99005 -5.19022
2.04899 -5.20238
2.10773 -5.21401
2.16626 -5.22511
2.22457 -5.23571
2.28267 -5.24579
2.34055 -5.25538
2.39821 -5.26448
2.45565 -5.27309
2.51287 -5.28122
2.56986 -5.28888
2.62663 -5.29608
2.68317 -5.30282
2.73949 -5.30912
2.79557 -5.31496
2.85143 -5.32038
2.90705 -5.32536
2.96245 -5.32991
3.01761 -5.33405
3.07253 -5.33777
3.12722 -5.34109
3.18168 -5.344
3.2359 -5.34652
3.28989 -5.34865
3.34364 -5.35039
3.39715 -5.35176
3.45042 -5.35275
3.50346 -5.35337
3.55625 -5.35363
3.60881 -5.35352
3.66113 -5.35307
3.71321 -5.35226
3.76505 -5.35111
3.81665 -5.34961
3.86802 -5.34778
3.91914 -5.34562
3.97002 -5.34314
4.02066 -5.34033
4.07107 -5.3372
4.12123 -5.33376
4.17115 -5.33
4.22083 -5.32594
4.27028 -5.32158
4.31948 -5.31692
4.36845 -5.31197
4.41717 -5.30672
4.46566 -5.30119
4.5139 -5.29537
4.56191 -5.28927
4.60968 -5.2829
4.65721 -5.27625
4.70451 -5.26933
4.75156 -5.26215
4.79838 -5.2547
4.84496 -5.247
4.89131 -5.23904
4.93741 -5.23082
4.98328 -5.22235
5.02892 -5.21364
5.07432 -5.20468
5.11948 -5.19548
5.16441 -5.18604
5.2091 -5.17637
5.25356 -5.16646
5.29779 -5.15632
5.34178 -5.14596
5.38554 -5.13537
5.42906 -5.12456
5.47235 -5.11352
5.51541 -5.10228
5.55824 -5.09081
5.60084 -5.07914
5.64321 -5.06726
5.68534 -5.05517
5.72725 -5.04287
5.76893 -5.03037
5.81037 -5.01768
5.85159 -5.00478
5.89258 -4.99169
5.93335 -4.97841
5.97388 -4.96493
6.01419 -4.95127
6.05427 -4.93742
6.09412 -4.92339
6.13375 -4.90917
6.17315 -4.89477
6.21233 -4.8802
6.25129 -4.86545
6.29002 -4.85052
6.32852 -4.83542
6.36681 -4.82015
6.40487 -4.80472
6.4427 -4.78911
6.48032 -4.77334
6.51771 -4.75741
6.55489 -4.74131
6.59184 -4.72506
6.62857 -4.70865
6.66508 -4.69208
6.70138 -4.67536
6.73745 -4.65848
6.77331 -4.64146
6.80895 -4.62428
6.84437 -4.60696
6.87957 -4.58949
6.91456 -4.57188
6.94933 -4.55412
6.98388 -4.53622
7.01822 -4.51818
7.05235 -4.50001
7.08625 -4.48169
7.11995 -4.46325
7.15343 -4.44466
7.1867 -4.42595
7.21975 -4.4071
7.2526 -4.38812
7.28523 -4.36902
7.31764 -4.34979
7.34985 -4.33043
7.38185 -4.31095
7.41363 -4.29134
7.44521 -4.27162
7.47657 -4.25177
7.50773 -4.2318
7.53868 -4.21172
7.56941 -4.19152
7.59994 -4.1712
7.63027 -4.15077
7.66038 -4.13023
7.69029 -4.10958
7.71999 -4.08881
7.74949 -4.06794
7.77877 -4.04696
7.80786 -4.02587
7.83674 -4.00467
7.86541 -3.98337
7.89388 -3.96197
7.92214 -3.94046
7.9502 -3.91886
7.97806 -3.89715
8.00571 -3.87534
8.03316 -3.85344
8.06041 -3.83144
8.08746 -3.80934
8.11431 -3.78715
8.14095 -3.76486
8.16739 -3.74248
8.19363 -3.72001
8.21968 -3.69745
8.24552 -3.67479
8.27116 -3.65205
8.2966 -3.62922
8.32185 -3.6063
8.34689 -3.5833
8.37174 -3.56021
8.39639 -3.53704
8.42084 -3.51379
8.44509 -3.49045
8.46914 -3.46703
8.493 -3.44353
8.51666 -3.41995
8.54013 -3.39629
8.5634 -3.37255
8.58647 -3.34874
8.60935 -3.32485
8.63204 -3.30088
8.65452 -3.27684
8.67682 -3.25273
8.69892 -3.22854
8.72082 -3.20428
8.74254 -3.17995
8.76405 -3.15555
8.78538 -3.13108
8.80651 -3.10655
8.82745 -3.08194
8.8482 -3.05727
8.86875 -3.03253
8.88911 -3.00772
8.90929 -2.98285
8.92927 -2.95792
8.94905 -2.93292
8.96865 -2.90786
8.98806 -2.88274
9.00728 -2.85755
9.0263 -2.83231
9.04514 -2.807
9.06378 -2.78164
9.08224 -2.75622
9.10051 -2.73074
9.11859 -2.70521
9.13648 -2.67962
9.15418 -2.65397
9.17169 -2.62827
9.18902 -2.60252
9.20615 -2.57671
9.2231 -2.55085
9.23986 -2.52494
9.25644 -2.49898
9.27283 -2.47296
9.28903 -2.4469
9.30504 -2.42079
9.32087 -2.39462
9.33651 -2.36841
9.35196 -2.34216
9.36723 -2.31586
9.38231 -2.28951
9.39721 -2.26311
9.41192 -2.23667
9.42644 -2.21019
9.44079 -2.18366
9.45494 -2.15709
9.46891 -2.13048
9.4827 -2.10383
9.4963 -2.07714
9.50972 -2.0504
9.52296 -2.02363
9.53601 -1.99682
9.54887 -1.96997
9.56156 -1.94308
9.57406 -1.91615
9.58637 -1.88919
9.5985 -1.86219
9.61046 -1.83515
9.62222 -1.80808
9.63381 -1.78098
9.64521 -1.75384
9.65643 -1.72667
9.66747 -1.69947
9.67832 -1.67223
9.68899 -1.64497
9.69949 -1.61767
9.7098 -1.59034
9.71992 -1.56298
9.72987 -1.53559
9.73964 -1.50818
9.74922 -1.48074
9.75862 -1.45326
9.76784 -1.42577
9.77688 -1.39824
9.78574 -1.37069
9.79442 -1.34312
9.80292 -1.31551
9.81124 -1.28789
9.81938 -1.26024
9.82733 -1.23257
9.83511 -1.20488
9.84271 -1.17716
9.85012 -1.14942
9.85736 -1.12166
9.86442 -1.09388
9.87129 -1.06608
9.87799 -1.03827
9.88451 -1.01043
9.89085 -0.982572
9.897 -0.954699
9.90298 -0.926808
9.90878 -0.8989
9.9144 -0.870976
9.91985 -0.843036
9.92511 -0.815081
9.93019 -0.787111
9.9351 -0.759127
9.93982 -0.73113
9.94437 -0.703119
9.94873 -0.675096
9.95292 -0.64706
9.95693 -0.619013
9.96076 -0.590955
9.96442 -0.562886
9.96789 -0.534807
9.97119 -0.506718
9.9743 -0.478621
9.97724 -0.450515
9.98 -0.4224
9.98258 -0.394279
9.98498 -0.36615
9.98721 -0.338014
9.98926 -0.309873
9.99112 -0.281726
9.99281 -0.253574
9.99432 -0.225418
9.99566 -0.197257
9.99681 -0.169093
9.99779 -0.140926
9.99859 -0.112757
9.99921 -0.0845851
9.99965 -0.056412
9.99991 -0.028238
10 -6.34141e-05
9.99991 0.0281112
9.99964 0.0562852
9.99919 0.0844583
9.99856 0.11263
9.99776 0.140799
9.99677 0.168966
9.99561 0.19713
9.99427 0.225291
9.99275 0.253447
9.99106 0.281599
9.98918 0.309746
9.98713 0.337888
9.9849 0.366023
9.98249 0.394152
9.9799 0.422274
9.97713 0.450388
9.97419 0.478494
9.97106 0.506592
9.96776 0.534681
9.96428 0.56276
9.96062 0.590828
9.95678 0.618887
9.95276 0.646934
9.94857 0.674969
9.94419 0.702993
9.93964 0.731004
9.93491 0.759001
9.93 0.786985
9.92491 0.814955
9.91964 0.84291
9.91419 0.87085
9.90856 0.898774
9.90276 0.926682
9.89677 0.954573
9.8906 0.982447
9.88426 1.0103
9.87773 1.03814
9.87103 1.06596
9.86415 1.09376
9.85708 1.12154
9.84984 1.1493
9.84242 1.17703
9.83481 1.20475
9.82703 1.23244
9.81906 1.26012
9.81092 1.28777
9.80259 1.31539
9.79409 1.34299
9.7854 1.37057
9.77654 1.39812
9.76749 1.42564
9.75826 1.45314
9.74885 1.48061
9.73926 1.50805
9.72949 1.53547
9.71953 1.56286
9.7094 1.59022
9.69908 1.61754
9.68858 1.64484
9.6779 1.67211
9.66704 1.69934
9.65599 1.72655
9.64477 1.75372
9.63336 1.78086
9.62176 1.80796
9.60999 1.83503
9.59803 1.86206
9.58589 1.88906
9.57357 1.91603
9.56106 1.94295
9.54837 1.96984
9.5355 1.99669
9.52244 2.02351
9.5092 2.05028
9.49577 2.07701
9.48216 2.10371
9.46836 2.13036
9.45439 2.15697
9.44022 2.18354
9.42587 2.21007
9.41134 2.23655
9.39662 2.26299
9.38172 2.28938
9.36663 2.31573
9.35135 2.34203
9.33589 2.36829
9.32024 2.3945
9.3044 2.42066
9.28838 2.44677
9.27217 2.47284
9.25578 2.49885
9.2392 2.52481
9.22243 2.55073
9.20547 2.57659
9.18833 2.60239
9.17099 2.62815
9.15347 2.65385
9.13576 2.67949
9.11787 2.70509
9.09978 2.73062
9.0815 2.7561
9.06304 2.78152
9.04438 2.80688
9.02554 2.83218
9.0065 2.85743
8.98728 2.88261
8.96786 2.90773
8.94826 2.93279
8.92846 2.95779
8.90847 2.98272
8.88829 3.00759
8.86792 3.0324
8.84736 3.05714
8.8266 3.08181
8.80565 3.10642
8.78451 3.13096
8.76318 3.15542
8.74165 3.17982
8.71993 3.20415
8.69802 3.22841
8.67591 3.2526
8.6536 3.27671
8.63111 3.30075
8.60841 3.32472
8.58553 3.3486
8.56244 3.37242
8.53917 3.39615
8.51569 3.41981
8.49202 3.44339
8.46815 3.46689
8.44409 3.49031
8.41982 3.51365
8.39536 3.5369
8.37071 3.56007
8.34585 3.58316
8.3208 3.60616
8.29554 3.62908
8.27009 3.65191
8.24444 3.67465
8.21859 3.6973
8.19254 3.71986
8.16629 3.74233
8.13983 3.76471
8.11318 3.787
8.08632 3.80919
8.05927 3.83129
8.03201 3.85329
8.00455 3.87519
7.97688 3.897
7.94902 3.9187
7.92095 3.94031
7.89267 3.96181
7.86419 3.98321
7.83551 4.00451
7.80662 4.02571
7.77753 4.04679
7.74823 4.06777
7.71872 4.08865
7.68901 4.10941
7.65909 4.13006
7.62897 4.1506
7.59863 4.17103
7.56809 4.19134
7.53734 4.21154
7.50638 4.23163
7.47522 4.25159
7.44384 4.27143
7.41226 4.29116
7.38046 4.31076
7.34845 4.33024
7.31623 4.3496
7.2838 4.36883
7.25116 4.38793
7.21831 4.4069
7.18524 4.42575
7.15196 4.44446
7.11847 4.46304
7.08476 4.48149
7.05084 4.4998
7.01671 4.51797
6.98236 4.53601
6.94779 4.55391
6.91301 4.57166
6.87801 4.58927
6.84279 4.60674
6.80736 4.62406
6.77171 4.64123
6.73584 4.65825
6.69976 4.67512
6.66345 4.69184
6.62693 4.70841
6.59018 4.72481
6.55322 4.74106
6.51603 4.75715
6.47862 4.77308
6.44099 4.78885
6.40314 4.80445
6.36507 4.81988
6.32677 4.83515
6.28826 4.85024
6.24951 4.86517
6.21055 4.87991
6.17135 4.89448
6.13194 4.90888
6.0923 4.92309
6.05243 4.93712
6.01233 4.95096
5.97201 4.96462
5.93146 4.97809
5.89069 4.99137
5.84968 5.00445
5.80845 5.01734
5.76699 5.03003
5.7253 5.04253
5.68338 5.05481
5.64123 5.0669
5.59885 5.07878
5.55624 5.09045
5.51339 5.1019
5.47032 5.11314
5.42701 5.12417
5.38347 5.13497
5.3397 5.14556
5.29569 5.15591
5.25145 5.16604
5.20698 5.17594
5.16227 5.18561
5.11732 5.19504
5.07215 5.20423
5.02673 5.21319
4.98108 5.22189
4.9352 5.23035
4.88907 5.23856
4.84271 5.24651
4.79612 5.25421
4.74928 5.26165
4.70221 5.26882
4.6549 5.27573
4.60736 5.28237
4.55957 5.28873
4.51155 5.29482
4.46328 5.30062
4.41478 5.30615
4.36604 5.31138
4.31706 5.31633
4.26784 5.32098
4.21838 5.32533
4.16868 5.32938
4.11874 5.33312
4.06856 5.33655
4.01814 5.33967
3.96748 5.34246
3.91658 5.34494
3.86544 5.34709
3.81406 5.3489
3.76244 5.35038
3.71059 5.35152
3.65849 5.35231
3.60615 5.35275
3.55358 5.35284
3.50076 5.35257
3.44771 5.35194
3.39442 5.35093
3.34089 5.34955
3.28712 5.34779
3.23312 5.34565
3.17888 5.34311
3.1244 5.34018
3.0697 5.33684
3.01475 5.3331
2.95957 5.32895
2.90416 5.32437
2.84852 5.31937
2.79265 5.31394
2.73654 5.30807
2.68021 5.30176
2.62365 5.295
2.56686 5.28778
2.50985 5.28009
2.45261 5.27194
2.39515 5.2633
2.33747 5.25419
2.27958 5.24458
2.22146 5.23447
2.16313 5.22385
2.10459 5.21272
2.04583 5.20106
1.98687 5.18887
1.9277 5.17615
1.86832 5.16288
1.80875 5.14905
1.74897 5.13465
1.68901 5.11969
1.62885 5.10414
1.5685 5.088
1.50796 5.07126
1.44724 5.05391
1.38635 5.03594
1.32528 5.01734
1.26405 4.9981
1.20265 4.97821
1.14109 4.95765
1.07937 4.93643
1.01751 4.91453
0.955504 4.89193
0.89336 4.86863
0.831084 4.84462
0.768684 4.81988
0.706166 4.7944
0.643538 4.76816
0.580807 4.74117
0.51798 4.7134
0.455067 4.68484
0.392077 4.65548
0.329018 4.62531
0.2659 4.59431
0.202733 4.56248
0.139529 4.52978
0.076298 4.49623
0.013052 4.46179
-0.0501966 4.42645
-0.113435 4.39021
-0.176649 4.35304
-0.239825 4.31493
-0.302949 4.27587
-0.366003 4.23585
-0.428973 4.19484
-0.491841 4.15283
-0.554589 4.10982
-0.617198 4.06577
-0.679649 4.02069
-0.741921 3.97455
-0.803994 3.92733
-0.865844 3.87903
-0.927448 3.82963
-0.988782 3.77911
-1.04982 3.72747
-1.11054 3.67468
-1.1709 3.62073
-1.23089 3.56561
-1.29047 3.50931
-1.34961 3.45181
-1.40827 3.39311
-1.46643 3.33318
-1.52405 3.27203
-1.58109 3.20963
-1.63752 3.14599
-1.69329 3.08109
-1.74837 3.01492
-1.80271 2.94749
-1.85628 2.87878
-1.90902 2.8088
-1.96089 2.73754
-2.01184 2.665
-2.06184 2.59119
-2.11082 2.5161
-2.15874 2.43975
-2.20554 2.36215
-2.25119 2.28329
-2.29561 2.2032
-2.33877 2.1219
-2.3806 2.03939
-2.42105 1.9557
-2.46008 1.87086
-2.49762 1.78489
-2.53362 1.69781
-2.56803 1.60968
-2.60079 1.52051
-2.63186 1.43035
-2.66119 1.33924
-2.68872 1.24724
-2.71441 1.15437
-2.73822 1.06071
-2.7601 0.966299
-2.78002 0.8712
-2.79793 0.775474
-2.8138 0.679183
-2.82761 0.582394
-2.83933 0.485173
-2.84892 0.38759
-2.85638 0.289717
-2.86169 0.191626
-2.86484 0.0933905
-2.86583 -0.00491586
-2.86464 -0.103219
-2.86128 -0.201443
-2.85577 -0.299516
-2.8481 -0.397363
-2.83831 -0.494912
-2.82639 -0.592093
-2.81239 -0.688836
-2.79632 -0.785073
-2.77822 -0.88074
-2.75812 -0.975772
-2.73606 -1.07011
-2.71207 -1.1637
-2.68621 -1.25648
-2.6585 -1.3484
-2.62901 -1.43941
-2.59779 -1.52948
-2.56487 -1.61854
-2.53031 -1.70658
-2.49417 -1.79354
-2.45649 -1.8794
-2.41733 -1.96413
-2.37675 -2.04771
-2.3348 -2.1301
-2.29153 -2.21129
-2.24699 -2.29126
-2.20125 -2.36999
-2.15434 -2.44747
-2.10633 -2.5237
-2.05726 -2.59866
-2.00718 -2.67235
-1.95615 -2.74477
-1.9042 -2.81591
-1.85139 -2.88577
-1.79776 -2.95435
-1.74336 -3.02166
-1.68823 -3.0877
-1.6324 -3.15248
-1.57593 -3.21601
-1.51884 -3.27829
-1.46118 -3.33933
-1.40298 -3.39914
-1.34428 -3.45773
-1.28511 -3.51512
-1.22551 -3.57131
-1.1655 -3.62632
-1.10511 -3.68016
-1.04437 -3.73284
-0.983317 -3.78438
-0.921968 -3.83479
-0.860352 -3.88409
-0.798493 -3.9323
-0.736413 -3.97941
-0.674135 -4.02546
-0.61168 -4.07045
-0.549069 -4.1144
-0.486321 -4.15733
-0.423455 -4.19924
-0.360489 -4.24016
-0.297439 -4.2801
-0.234322 -4.31908
-0.171153 -4.3571
-0.107948 -4.39419
-0.0447196 -4.43035
0.0185177 -4.46561
0.0817514 -4.49997
0.144969 -4.53346
0.208159 -4.56607
0.27131 -4.59784
0.334412 -4.62877
0.397454 -4.65887
0.460427 -4.68816
0.523322 -4.71665
0.586129 -4.74436
0.648841 -4.77129
0.711449 -4.79746
0.773946 -4.82288
0.836325 -4.84756
0.898578 -4.87152
0.9607 -4.89476
1.02268 -4.9173
1.08452 -4.93915
1.14621 -4.96031
1.20775 -4.98081
1.26913 -5.00065
1.33034 -5.01984
1.39138 -5.03839
1.45225 -5.05631
1.51294 -5.07362
1.57345 -5.09031
1.63377 -5.10641
1.69391 -5.12191
1.75385 -5.13683
1.8136 -5.15118
1.87315 -5.16497
1.93249 -5.1782
1.99164 -5.19089
2.05057 -5.20303
2.1093 -5.21465
2.16782 -5.22575
2.22612 -5.23633
2.28421 -5.2464
2.34208 -5.25598
2.39973 -5.26506
2.45717 -5.27366
2.51437 -5.28178
2.57136 -5.28943
2.62812 -5.29662
2.68465 -5.30335
2.74096 -5.30964
2.79704 -5.31548
2.85288 -5.32088
2.9085 -5.32585
2.96388 -5.33039
3.01903 -5.33452
3.07395 -5.33824
3.12863 -5.34154
3.18308 -5.34445
3.23729 -5.34696
3.29127 -5.34908
3.34501 -5.35082
3.39851 -5.35217
3.45178 -5.35316
3.5048 -5.35377
3.55759 -5.35402
3.61014 -5.35391
3.66245 -5.35344
3.71452 -5.35263
3.76636 -5.35147
3.81795 -5.34997
3.8693 -5.34813
3.92042 -5.34597
3.97129 -5.34347
4.02192 -5.34066
4.07232 -5.33752
4.12247 -5.33408
4.17239 -5.33032
4.22206 -5.32625
4.2715 -5.32188
4.32069 -5.31722
4.36965 -5.31226
4.41837 -5.30701
4.46684 -5.30147
4.51508 -5.29564
4.56308 -5.28954
4.61085 -5.28316
4.65837 -5.27651
4.70565 -5.26959
4.7527 -5.2624
4.79951 -5.25495
4.84608 -5.24724
4.89242 -5.23927
4.93852 -5.23105
4.98438 -5.22258
5.03001 -5.21386
5.0754 -5.2049
5.12056 -5.1957
5.16548 -5.18626
5.21016 -5.17658
5.25462 -5.16667
5.29883 -5.15653
5.34282 -5.14616
5.38657 -5.13556
5.43009 -5.12475
5.47337 -5.11372
5.51643 -5.10246
5.55925 -5.091
5.60184 -5.07932
5.6442 -5.06744
5.68633 -5.05534
5.72823 -5.04304
5.7699 -5.03054
5.81134 -5.01784
5.85255 -5.00495
5.89353 -4.99185
5.93429 -4.97857
5.97481 -4.96509
6.01511 -4.95143
6.05519 -4.93757
6.09504 -4.92354
6.13466 -4.90932
6.17405 -4.89492
6.21323 -4.88034
6.25217 -4.86559
6.2909 -4.85066
6.3294 -4.83556
6.36767 -4.82029
6.40573 -4.80485
6.44356 -4.78924
6.48117 -4.77347
6.51856 -4.75754
6.55572 -4.74144
6.59267 -4.72518
6.6294 -4.70877
6.6659 -4.6922
6.70219 -4.67548
6.73826 -4.6586
6.77411 -4.64157
6.80974 -4.6244
6.84515 -4.60707
6.88035 -4.5896
6.91533 -4.57199
6.9501 -4.55423
6.98464 -4.53633
7.01898 -4.51829
7.0531 -4.50011
7.087 -4.4818
7.12069 -4.46335
7.15416 -4.44476
7.18743 -4.42605
7.22047 -4.4072
7.25331 -4.38822
7.28594 -4.36911
7.31835 -4.34988
7.35055 -4.33052
7.38254 -4.31104
7.41432 -4.29143
7.44589 -4.27171
7.47725 -4.25186
7.5084 -4.23189
7.53934 -4.21181
7.57007 -4.19161
7.6006 -4.17129
7.63092 -4.15086
7.66103 -4.13032
7.69093 -4.10966
7.72062 -4.08889
7.75011 -4.06802
7.7794 -4.04704
7.80848 -4.02595
7.83735 -4.00475
7.86602 -3.98345
7.89448 -3.96205
7.92274 -3.94054
7.9508 -3.91893
7.97865 -3.89723
8.0063 -3.87542
8.03374 -3.85351
8.06099 -3.83151
8.08803 -3.80941
8.11487 -3.78722
8.14151 -3.76493
8.16795 -3.74255
8.19418 -3.72008
8.22022 -3.69752
8.24606 -3.67486
8.27169 -3.65212
8.29713 -3.62929
8.32237 -3.60638
8.34741 -3.58337
8.37225 -3.56028
8.3969 -3.53711
8.42134 -3.51385
8.44559 -3.49052
8.46964 -3.4671
8.49349 -3.4436
8.51715 -3.42002
8.54061 -3.39636
8.56388 -3.37262
8.58695 -3.34881
8.60982 -3.32491
8.6325 -3.30095
8.65498 -3.27691
8.67727 -3.2528
8.69937 -3.22861
8.72127 -3.20435
8.74298 -3.18002
8.76449 -3.15562
8.78581 -3.13115
8.80694 -3.10661
8.82787 -3.082
8.84862 -3.05733
8.86917 -3.03259
8.88953 -3.00778
8.90969 -2.98291
8.92967 -2.95798
8.94945 -2.93298
8.96905 -2.90792
8.98845 -2.8828
9.00766 -2.85762
9.02668 -2.83237
9.04552 -2.80707
9.06416 -2.78171
9.08261 -2.75629
9.10087 -2.73081
9.11895 -2.70527
9.13683 -2.67968
9.15453 -2.65404
9.17204 -2.62834
9.18936 -2.60258
9.20649 -2.57677
9.22344 -2.55091
9.2402 -2.525
9.25677 -2.49904
9.27315 -2.47302
9.28935 -2.44696
9.30536 -2.42085
9.32118 -2.39469
9.33681 -2.36848
9.35226 -2.34222
9.36753 -2.31592
9.38261 -2.28957
9.3975 -2.26317
9.41221 -2.23673
9.42673 -2.21025
9.44107 -2.18373
9.45522 -2.15716
9.46919 -2.13055
9.48297 -2.10389
9.49657 -2.0772
9.50998 -2.05046
9.52321 -2.02369
9.53626 -1.99688
9.54912 -1.97003
9.5618 -1.94314
9.5743 -1.91621
9.58661 -1.88925
9.59874 -1.86225
9.61069 -1.83521
9.62245 -1.80815
9.63403 -1.78104
9.64543 -1.7539
9.65665 -1.72673
9.66768 -1.69953
9.67853 -1.67229
9.6892 -1.64503
9.69969 -1.61773
9.71 -1.5904
9.72012 -1.56304
9.73006 -1.53566
9.73982 -1.50824
9.7494 -1.4808
9.7588 -1.45333
9.76802 -1.42583
9.77706 -1.3983
9.78591 -1.37075
9.79459 -1.34318
9.80308 -1.31558
9.8114 -1.28795
9.81953 -1.2603
9.82749 -1.23263
9.83526 -1.20494
9.84285 -1.17722
9.85027 -1.14948
9.8575 -1.12173
9.86455 -1.09395
9.87142 -1.06615
9.87812 -1.03833
9.88463 -1.01049
9.89097 -0.982635
9.89712 -0.954762
9.9031 -0.926871
9.90889 -0.898963
9.91451 -0.871039
9.91995 -0.843099
9.92521 -0.815144
9.93029 -0.787174
9.93519 -0.75919
9.93991 -0.731193
9.94445 -0.703182
9.94882 -0.675159
9.953 -0.647123
9.95701 -0.619076
9.96084 -0.591018
9.96448 -0.562949
9.96796 -0.53487
9.97125 -0.506782
9.97436 -0.478684
9.9773 -0.450578
9.98005 -0.422464
9.98263 -0.394342
9.98503 -0.366213
9.98725 -0.338078
9.98929 -0.309936
9.99116 -0.28179
9.99284 -0.253638
9.99435 -0.225481
9.99568 -0.197321
9.99683 -0.169157
9.99781 -0.14099
9.9986 -0.11282
9.99922 -0.0846485
9.99966 -0.0564755
9.99992 -0.0283014
10 -0.000126828
9.9999 0.0280477
9.99963 0.0562218
9.99918 0.0843949
9.99855 0.112566
9.99774 0.140736
9.99675 0.168903
9.99559 0.197067
9.99424 0.225228
9.99272 0.253384
9.99102 0.281536
9.98914 0.309683
9.98709 0.337825
9.98485 0.36596
9.98244 0.394089
9.97985 0.422211
9.97708 0.450325
9.97413 0.478431
9.971 0.506529
9.96769 0.534617
9.96421 0.562696
9.96055 0.590765
9.95671 0.618824
9.95269 0.646871
9.94849 0.674906
9.94411 0.70293
9.93955 0.730941
9.93482 0.758938
9.9299 0.786922
9.92481 0.814892
9.91954 0.842847
9.91408 0.870787
9.90845 0.898711
9.90264 0.926619
9.89665 0.95451
9.89048 0.982384
9.88413 1.01024
9.87761 1.03808
9.8709 1.0659
9.86401 1.0937
9.85694 1.12148
9.8497 1.14923
9.84227 1.17697
9.83466 1.20469
9.82687 1.23238
9.81891 1.26005
9.81076 1.2877
9.80243 1.31533
9.79392 1.34293
9.78523 1.3705
9.77636 1.39805
9.76731 1.42558
9.75808 1.45308
9.74866 1.48055
9.73907 1.50799
9.72929 1.53541
9.71934 1.5628
9.7092 1.59015
9.69888 1.61748
9.68837 1.64478
9.67769 1.67205
9.66682 1.69928
9.65578 1.72649
9.64454 1.75366
9.63313 1.78079
9.62154 1.8079
9.60976 1.83497
9.5978 1.862
9.58565 1.889
9.57332 1.91596
9.56081 1.94289
9.54812 1.96978
9.53524 1.99663
9.52218 2.02344
9.50893 2.05022
9.4955 2.07695
9.48189 2.10365
9.46809 2.1303
9.45411 2.15691
9.43994 2.18348
9.42559 2.21
9.41105 2.23649
9.39633 2.26293
9.38142 2.28932
9.36632 2.31567
9.35104 2.34197
9.33558 2.36823
9.31993 2.39444
9.30409 2.4206
9.28806 2.44671
9.27185 2.47278
9.25545 2.49879
9.23886 2.52475
9.22209 2.55066
9.20513 2.57652
9.18798 2.60233
9.17064 2.62809
9.15312 2.65379
9.13541 2.67943
9.1175 2.70502
9.09941 2.73056
9.08113 2.75603
9.06266 2.78145
9.044 2.80682
9.02515 2.83212
9.00612 2.85736
8.98689 2.88255
8.96747 2.90767
8.94786 2.93273
8.92806 2.95773
8.90806 2.98266
8.88788 3.00753
8.8675 3.03233
8.84694 3.05707
8.82618 3.08175
8.80522 3.10635
8.78408 3.13089
8.76274 3.15536
8.74121 3.17976
8.71948 3.20409
8.69756 3.22835
8.67545 3.25253
8.65314 3.27664
8.63064 3.30068
8.60795 3.32465
8.58505 3.34854
8.56197 3.37235
8.53868 3.39609
8.5152 3.41974
8.49153 3.44332
8.46765 3.46682
8.44359 3.49024
8.41932 3.51358
8.39485 3.53683
8.37019 3.56
8.34533 3.58309
8.32027 3.60609
8.29501 3.62901
8.26956 3.65184
8.2439 3.67458
8.21805 3.69723
8.19199 3.71979
8.16573 3.74226
8.13927 3.76464
8.11262 3.78692
8.08576 3.80911
8.05869 3.83121
8.03143 3.85321
8.00396 3.87511
7.97629 3.89692
7.94842 3.91862
7.92035 3.94023
7.89207 3.96173
7.86358 3.98313
7.83489 4.00443
7.806 4.02562
7.7769 4.04671
7.7476 4.06769
7.71809 4.08856
7.68837 4.10933
7.65845 4.12998
7.62832 4.15052
7.59798 4.17094
7.56743 4.19126
7.53668 4.21146
7.50571 4.23154
7.47454 4.2515
7.44316 4.27134
7.41157 4.29107
7.37976 4.31067
7.34775 4.33015
7.31553 4.3495
7.28309 4.36873
7.25045 4.38783
7.21759 4.40681
7.18451 4.42565
7.15123 4.44436
7.11773 4.46294
7.08402 4.48139
7.05009 4.4997
7.01595 4.51787
6.98159 4.5359
6.94702 4.5538
6.91223 4.57155
6.87723 4.58916
6.84201 4.60662
6.80657 4.62394
6.77091 4.64111
6.73504 4.65813
6.69895 4.675
6.66263 4.69172
6.6261 4.70828
6.58935 4.72469
6.55238 4.74094
6.51519 4.75703
6.47777 4.77295
6.44014 4.78872
6.40228 4.80432
6.3642 4.81975
6.3259 4.83501
6.28737 4.8501
6.24863 4.86502
6.20965 4.87977
6.17045 4.89434
6.13103 4.90873
6.09138 4.92294
6.05151 4.93697
6.01141 4.95081
5.97108 4.96446
5.93052 4.97793
5.88974 4.99121
5.84873 5.00429
5.80749 5.01717
5.76602 5.02986
5.72432 5.04235
5.6824 5.05464
5.64024 5.06672
5.59785 5.0786
5.55523 5.09026
5.51238 5.10171
5.4693 5.11295
5.42598 5.12397
5.38244 5.13478
5.33866 5.14535
5.29464 5.15571
5.25039 5.16584
5.20591 5.17573
5.1612 5.1854
5.11625 5.19482
5.07106 5.20401
5.02564 5.21296
4.97998 5.22166
4.93409 5.23012
4.88796 5.23832
4.84159 5.24627
4.79499 5.25396
4.74814 5.26139
4.70106 5.26856
4.65375 5.27547
4.60619 5.2821
4.5584 5.28846
4.51037 5.29454
4.46209 5.30034
4.41358 5.30586
4.36483 5.31109
4.31584 5.31603
4.26662 5.32068
4.21715 5.32502
4.16744 5.32906
4.11749 5.3328
4.0673 5.33623
4.01688 5.33934
3.96621 5.34213
3.9153 5.34459
3.86415 5.34674
3.81277 5.34854
3.76114 5.35002
3.70927 5.35115
3.65717 5.35193
3.60482 5.35237
3.55224 5.35245
3.49941 5.35217
3.44635 5.35153
3.39305 5.35052
3.33951 5.34913
3.28574 5.34736
3.23173 5.34521
3.17748 5.34266
3.12299 5.33972
3.06828 5.33638
3.01332 5.33263
2.95814 5.32846
2.90272 5.32388
2.84706 5.31887
2.79118 5.31343
2.73507 5.30755
2.67873 5.30123
2.62216 5.29446
2.56536 5.28723
2.50834 5.27953
2.45109 5.27136
2.39363 5.26272
2.33594 5.25359
2.27803 5.24397
2.21991 5.23384
2.16157 5.22321
2.10301 5.21207
2.04425 5.2004
1.98528 5.1882
1.9261 5.17546
1.86672 5.16218
1.80713 5.14833
1.74735 5.13393
1.68737 5.11895
1.6272 5.10338
1.56684 5.08723
1.5063 5.07047
1.44558 5.0531
1.38467 5.03512
1.3236 5.0165
1.26236 4.99724
1.20095 4.97734
1.13938 4.95677
1.07766 4.93553
1.01579 4.91361
0.953771 4.89099
0.89162 4.86767
0.829337 4.84364
0.76693 4.81887
0.704405 4.79337
0.64177 4.76712
0.579032 4.74011
0.516199 4.71231
0.45328 4.68373
0.390284 4.65435
0.327219 4.62416
0.264096 4.59314
0.200924 4.56128
0.137715 4.52856
0.0744795 4.49497
0.0112295 4.46051
-0.0520228 4.42515
-0.115264 4.38888
-0.178482 4.35168
-0.24166 4.31355
-0.304786 4.27446
-0.367842 4.23441
-0.430813 4.19337
-0.493681 4.15133
-0.556429 4.10829
-0.619037 4.06421
-0.681487 4.0191
-0.743758 3.97292
-0.805828 3.92567
-0.867674 3.87734
-0.929274 3.82791
-0.990603 3.77736
-1.05164 3.72568
-1.11235 3.67285
-1.1727 3.61887
-1.23268 3.56371
-1.29225 3.50737
-1.35138 3.44984
-1.41004 3.39109
-1.46818 3.33113
-1.52579 3.26994
-1.58282 3.2075
-1.63923 3.14382
-1.69498 3.07888
-1.75004 3.01267
-1.80436 2.9452
-1.8579 2.87645
-1.91062 2.80643
-1.96246 2.73513
-2.01339 2.66255
-2.06336 2.58869
-2.11231 2.51357
-2.1602 2.43718
-2.20697 2.35953
-2.25258 2.28064
-2.29697 2.20051
-2.34009 2.11916
-2.38188 2.03661
-2.42229 1.95289
-2.46127 1.86801
-2.49876 1.782
-2.53472 1.69489
-2.56908 1.60672
-2.60179 1.51752
-2.63281 1.42733
-2.66208 1.33619
-2.68956 1.24415
-2.71519 1.15126
-2.73894 1.05757
-2.76076 0.963139
-2.78061 0.868019
-2.79846 0.772273
-2.81427 0.675964
-2.82801 0.579159
-2.83966 0.481925
-2.84919 0.384332
-2.85658 0.286451
-2.86183 0.188354
-2.86491 0.0901144
-2.86582 -0.0081931
-2.86457 -0.106494
-2.86114 -0.204715
-2.85556 -0.302781
-2.84783 -0.40062
-2.83796 -0.498158
-2.82598 -0.595325
-2.81192 -0.692052
-2.79578 -0.788272
-2.77762 -0.883918
-2.75746 -0.978929
-2.73533 -1.07324
-2.71129 -1.1668
-2.68536 -1.25956
-2.65761 -1.35145
-2.62806 -1.44243
-2.59678 -1.53246
-2.56381 -1.6215
-2.5292 -1.7095
-2.49301 -1.79642
-2.45529 -1.88225
-2.41609 -1.96694
-2.37547 -2.05048
-2.33348 -2.13283
-2.29017 -2.21398
-2.2456 -2.29391
-2.19981 -2.3726
-2.15288 -2.45004
-2.10483 -2.52623
-2.05573 -2.60115
-2.00563 -2.6748
-1.95457 -2.74717
-1.9026 -2.81827
-1.84976 -2.88809
-1.79611 -2.95663
-1.74169 -3.0239
-1.68654 -3.08991
-1.6307 -3.15465
-1.57421 -3.21813
-1.51711 -3.28037
-1.45943 -3.34137
-1.40122 -3.40115
-1.34251 -3.4597
-1.28333 -3.51705
-1.22371 -3.5732
-1.16369 -3.62818
-1.1033 -3.68198
-1.04256 -3.73463
-0.981495 -3.78613
-0.920142 -3.83651
-0.858522 -3.88578
-0.796659 -3.93395
-0.734577 -3.98103
-0.672297 -4.02705
-0.609841 -4.072
-0.54723 -4.11593
-0.484482 -4.15882
-0.421616 -4.20071
-0.358651 -4.2416
-0.295603 -4.28151
-0.232488 -4.32046
-0.169322 -4.35845
-0.106119 -4.39551
-0.0428945 -4.43165
0.0203391 -4.46688
0.0835687 -4.50122
0.146782 -4.53468
0.209967 -4.56727
0.273113 -4.59901
0.33621 -4.62992
0.399246 -4.66
0.462213 -4.68927
0.525102 -4.71773
0.587903 -4.74542
0.650608 -4.77233
0.713209 -4.79848
0.775699 -4.82388
0.838071 -4.84854
0.900317 -4.87248
0.962431 -4.8957
1.02441 -4.91822
1.08624 -4.94005
1.14792 -4.9612
1.20945 -4.98168
1.27082 -5.0015
1.33202 -5.02067
1.39306 -5.03921
1.45392 -5.05712
1.5146 -5.0744
1.5751 -5.09108
1.63541 -5.10716
1.69554 -5.12265
1.75547 -5.13756
1.81521 -5.1519
1.87475 -5.16567
1.93409 -5.17889
1.99323 -5.19156
2.05215 -5.20369
2.11087 -5.2153
2.16938 -5.22638
2.22768 -5.23695
2.28576 -5.24701
2.34362 -5.25657
2.40126 -5.26565
2.45868 -5.27423
2.51588 -5.28234
2.57286 -5.28999
2.62961 -5.29716
2.68613 -5.30389
2.74243 -5.31016
2.7985 -5.31599
2.85434 -5.32138
2.90994 -5.32634
2.96532 -5.33088
3.02046 -5.33499
3.07537 -5.3387
3.13004 -5.342
3.18448 -5.3449
3.23869 -5.3474
3.29265 -5.34951
3.34638 -5.35124
3.39988 -5.35259
3.45313 -5.35356
3.50615 -5.35417
3.55893 -5.35441
3.61147 -5.35429
3.66377 -5.35382
3.71584 -5.353
3.76766 -5.35183
3.81924 -5.35033
3.87059 -5.34848
3.92169 -5.34631
3.97256 -5.34381
4.02319 -5.34099
4.07357 -5.33785
4.12372 -5.33439
4.17362 -5.33063
4.22329 -5.32656
4.27272 -5.32218
4.3219 -5.31751
4.37085 -5.31255
4.41956 -5.30729
4.46803 -5.30175
4.51626 -5.29592
4.56425 -5.28981
4.61201 -5.28343
4.65952 -5.27677
4.7068 -5.26985
4.75384 -5.26265
4.80064 -5.2552
4.84721 -5.24748
4.89354 -5.23951
4.93963 -5.23129
4.98548 -5.22281
5.0311 -5.21409
5.07649 -5.20512
5.12163 -5.19592
5.16655 -5.18647
5.21123 -5.17679
5.25567 -5.16687
5.29988 -5.15673
5.34386 -5.14636
5.3876 -5.13576
5.43111 -5.12494
5.47439 -5.11391
5.51744 -5.10265
5.56025 -5.09118
5.60283 -5.0795
5.64519 -5.06761
5.68731 -5.05552
5.7292 -5.04322
5.77086 -5.03071
5.8123 -5.01801
5.8535 -5.00511
5.89448 -4.99202
5.93523 -4.97873
5.97575 -4.96525
6.01604 -4.95158
6.05611 -4.93773
6.09595 -4.92369
6.13556 -4.90947
6.17495 -4.89506
6.21412 -4.88048
6.25306 -4.86573
6.29178 -4.8508
6.33027 -4.8357
6.36854 -4.82042
6.40659 -4.80498
6.44441 -4.78937
6.48202 -4.7736
6.5194 -4.75766
6.55656 -4.74156
6.5935 -4.72531
6.63022 -4.70889
6.66672 -4.69232
6.703 -4.6756
6.73906 -4.65872
6.77491 -4.64169
6.81053 -4.62451
6.84594 -4.60719
6.88113 -4.58971
6.91611 -4.5721
6.95086 -4.55434
6.98541 -4.53644
7.01973 -4.5184
7.05385 -4.50022
7.08774 -4.4819
7.12143 -4.46345
7.1549 -4.44486
7.18815 -4.42615
7.2212 -4.4073
7.25403 -4.38832
7.28665 -4.36921
7.31905 -4.34998
7.35125 -4.33062
7.38323 -4.31113
7.41501 -4.29153
7.44657 -4.2718
7.47793 -4.25195
7.50907 -4.23198
7.54001 -4.21189
7.57074 -4.19169
7.60125 -4.17138
7.63157 -4.15094
7.66167 -4.1304
7.69157 -4.10974
7.72126 -4.08898
7.75074 -4.0681
7.78002 -4.04712
7.80909 -4.02603
7.83796 -4.00483
7.86662 -3.98353
7.89508 -3.96213
7.92334 -3.94062
7.95139 -3.91901
7.97923 -3.8973
8.00688 -3.8755
8.03432 -3.85359
8.06156 -3.83159
8.0886 -3.80949
8.11543 -3.78729
8.14207 -3.76501
8.1685 -3.74263
8.19473 -3.72015
8.22076 -3.69759
8.2466 -3.67494
8.27223 -3.65219
8.29766 -3.62936
8.32289 -3.60645
8.34793 -3.58344
8.37277 -3.56035
8.39741 -3.53718
8.42185 -3.51392
8.44609 -3.49058
8.47014 -3.46716
8.49399 -3.44366
8.51764 -3.42008
8.54109 -3.39642
8.56436 -3.37269
8.58742 -3.34887
8.61029 -3.32498
8.63296 -3.30102
8.65544 -3.27698
8.67773 -3.25286
8.69982 -3.22867
8.72172 -3.20442
